0.312243	0.58034	0	0	0.312243	0.58034	0.6	0.6	5.19994	0	0.287757	0.0196602	5.19994	0	0	0
0.734613	0.628749	7.22131	1.37179e-16	0.862916	0.534212	0.859997	0.600045	5.19975	0.00179686	0.221952	0.0246014	3.945	0.00127057	0	74.2445
1.16052	0.494895	7.16623	-0.915459	1.17385	0.481073	1.11998	0.600225	5.19943	0.00538996	0.182728	0.0640438	3.41537	0.531653	0.220188	74.2445
1.25769	0.533207	7.15562	0.87569	0.969149	0.397513	1.37996	0.600629	5.19898	0.0107781	0.169644	0.0649047	3.1154	0.631672	0.220188	1.82606
1.61613	0.595302	7.12971	1.15744	1.65063	0.62469	1.6399	0.601347	5.19839	0.0179597	0.152106	0.0581154	2.91729	0.760848	0.165892	1.82606
1.85122	0.562648	5.97844	0.169409	1.62331	0.499091	1.89982	0.60247	5.19766	0.0269323	0.140264	0.0554869	2.68211	0.696987	0.165892	7.34258
2.16196	0.592432	5.97561	0.256344	2.18882	0.648739	2.1597	0.604086	5.19678	0.0376932	0.129862	0.0515594	2.50054	0.650555	0.248883	7.34258
2.3775	0.639356	5.53518	0.357096	1.96701	0.557117	2.41954	0.606284	5.19573	0.0502389	0.12238	0.0496265	2.34212	0.618134	0.248883	5.69142
2.65274	0.657717	5.53778	0.300094	2.65526	0.66598	2.67932	0.609155	5.1945	0.0645654	0.115721	0.0495094	2.21113	0.588047	0.00453914	5.69142
2.91922	0.651988	5.47937	0.0528785	2.92034	0.645898	2.93904	0.612786	5.19309	0.080668	0.109961	0.0485771	2.09962	0.557939	0.00453914	0.25665
3.15326	0.649274	5.43359	-0.0168159	3.01222	0.637046	3.19869	0.617267	5.19147	0.0985415	0.105735	0.0473112	2.00324	0.53311	1.12433	0.25665
3.43986	0.545035	5.41379	-0.839251	3.56096	0.485311	3.45825	0.622685	5.18963	0.11818	0.101373	0.05054	1.91905	0.580441	1.12433	1.3911
3.74349	0.431871	5.3474	-1.52256	3.89365	0.311793	3.71772	0.62913	5.18754	0.139576	0.0976579	0.0731505	1.84429	0.723541	2.23672	1.3911
4.02318	0.516922	5.48004	-0.760847	4.19786	0.698311	3.97708	0.636689	5.18519	0.162724	0.0949086	0.0774168	1.77895	0.739625	2.23672	4.02755
4.29661	0.509889	5.46269	-0.716569	4.30935	0.578564	4.23632	0.645449	5.18256	0.187614	0.0930023	0.0825767	1.72015	0.751717	0.324	4.02755
4.55472	0.551293	5.36424	-0.446883	4.61908	0.68951	4.49542	0.655498	5.17962	0.214238	0.0912612	0.0840915	1.66617	0.746377	0.324	1.7499
4.73729	0.663812	5.17362	0.121816	4.35143	0.899174	4.75437	0.666921	5.17634	0.242587	0.0886332	0.0815843	1.61642	0.724684	11.955	1.7499
4.98837	0.662875	5.08162	0.0789931	5.20902	0.66599	5.01315	0.679804	5.1727	0.272649	0.086334	0.079386	1.57103	0.705744	11.955	1.22281
5.2876	0.655885	5.15663	0.0161435	5.51894	0.648233	5.27175	0.694234	5.16867	0.304413	0.0841099	0.0777679	1.52913	0.690097	2.85943	1.22281
5.54778	0.661416	5.24997	0.0297616	5.22834	0.639362	5.53013	0.710295	5.16422	0.337868	0.0820752	0.0765827	1.49053	0.676143	2.85943	1.91741
5.84324	0.675077	5.30043	0.0562932	6.022	0.708619	5.78828	0.728072	5.15932	0.372999	0.0809901	0.0756265	1.45494	0.663457	1.75804	1.91741
6.08408	0.602316	5.1687	-0.220813	5.89392	0.373584	6.04618	0.747647	5.15393	0.409793	0.0795396	0.0801214	1.42149	0.661999	1.75804	3.40809
6.33694	0.714298	5.14657	0.160562	6.34249	0.948833	6.30379	0.769103	5.14803	0.448233	0.0780976	0.0791892	1.39024	0.650221	3.73608	3.40809
6.58682	0.745829	5.09876	0.232481	6.62134	0.836138	6.5611	0.792523	5.14157	0.488305	0.0766333	0.0781056	1.361	0.638669	3.73608	0.355817
6.83239	0.743639	5.08711	0.196662	6.78214	0.714036	6.81808	0.817988	5.13452	0.52999	0.0751395	0.0779588	1.33354	0.629306	0.188936	0.355817
7.07338	0.72755	4.95408	0.117531	7.29121	0.630741	7.07469	0.845578	5.12685	0.573269	0.0736808	0.0798725	1.30808	0.623524	0.188936	2.12667
7.28835	0.809947	4.89104	0.328782	7.13735	0.957217	7.3309	0.875373	5.11851	0.618123	0.0727658	0.0793844	1.28437	0.614397	2.69523	2.12667
7.58625	0.820593	5.12574	0.332809	8.08349	0.819605	7.58668	0.907449	5.10946	0.664531	0.0714546	0.0796633	1.26123	0.606574	2.69523	5.2153
7.83795	0.799557	5.12312	0.240343	7.80533	0.719126	7.84199	0.941886	5.09966	0.712469	0.0702159	0.0826192	1.2393	0.602438	0.476145	5.2153
8.08601	0.816854	5.00931	0.251152	8.40453	0.884557	8.0968	0.978759	5.08907	0.761915	0.0690638	0.0864417	1.21856	0.599608	0.476145	2.18209
8.32198	0.834226	4.98585	0.268931	8.24796	0.840322	8.35106	1.01814	5.07766	0.812843	0.0681412	0.0912265	1.19886	0.597892	0.292723	2.18209
8.59533	0.9203	5.17499	0.472815	8.45858	1.41118	8.60472	1.06011	5.06537	0.865226	0.0670886	0.0931291	1.18014	0.59255	0.292723	6.95473
8.83507	0.979201	5.13641	0.578668	8.74615	1.04858	8.85775	1.10473	5.05216	0.919037	0.0661821	0.0942748	1.16221	0.586504	0.746327	6.95473
9.12691	1.01743	5.20236	0.624033	9.8809	1.1419	9.1101	1.15208	5.03798	0.974245	0.0652653	0.0957058	1.14534	0.580928	0.746327	6.79679
9.3659	1.05126	5.16547	0.653194	9.25579	1.04913	9.36172	1.20223	5.0228	1.03082	0.0643301	0.0977195	1.12912	0.576115	0.640065	6.79679
9.64711	1.12312	5.21747	0.774931	10.1016	1.52474	9.61255	1.25524	5.00656	1.08873	0.0636913	0.0988368	1.11388	0.57046	0.640065	4.44007
9.92485	1.25063	5.21927	1.01984	10.0484	1.44598	9.86254	1.31118	4.98922	1.14794	0.0636543	0.0979988	1.09937	0.563092	3.23438	4.44007
10.1708	1.33754	5.04434	1.12354	10.5377	1.72555	10.1117	1.37011	4.97074	1.20841	0.0635403	0.0968451	1.08488	0.555804	3.23438	4.97328
10.3937	1.41867	4.98034	1.22319	10.2492	1.45907	10.3598	1.4321	4.95106	1.2701	0.062955	0.0956196	1.07089	0.548684	1.22755	4.97328
10.6231	1.49747	4.79174	1.28229	10.9084	1.70343	10.6069	1.49721	4.93014	1.33298	0.0622155	0.0944168	1.05764	0.541841	1.22755	3.37424
10.8435	1.53071	4.75565	1.26018	10.7313	1.45265	10.853	1.56549	4.90794	1.39701	0.06147	0.0934163	1.04494	0.535619	1.03395	3.37424
11.1119	1.58237	4.86255	1.29239	11.4783	1.42876	11.0979	1.637	4.8844	1.46213	0.0607723	0.0926816	1.03243	0.529852	1.03395	2.23478
11.3921	1.6325	4.91519	1.30165	11.587	1.61462	11.3416	1.71179	4.85948	1.52832	0.0605538	0.0923922	1.02039	0.524794	2.04035	2.23478
11.6221	1.68745	4.83799	1.31008	11.4763	1.53917	11.584	1.78992	4.83313	1.59551	0.0601363	0.0926336	1.00873	0.520578	2.04035	0.666722
11.85	1.75334	4.80504	1.34995	11.7788	1.74591	11.8251	1.87144	4.80531	1.66366	0.0595804	0.0932752	0.997455	0.516881	0.270614	0.666722
12.1089	1.84397	4.90677	1.46055	12.136	2.14937	12.0647	1.95639	4.77598	1.73273	0.0592875	0.0937329	0.986742	0.512804	0.270614	1.5661
12.3519	1.87589	4.89943	1.40617	12.3226	1.78353	12.3029	2.04482	4.74508	1.80265	0.0590879	0.0959485	0.976448	0.510605	0.59241	1.5661
12.6094	1.93901	4.98265	1.43963	12.5457	1.77728	12.5394	2.13677	4.71257	1.87338	0.0593359	0.0991415	0.967009	0.509122	0.59241	0.778135
12.811	2.07176	4.88121	1.61891	12.5924	2.17509	12.7743	2.23227	4.67842	1.94485	0.0589599	0.100768	0.957529	0.506047	3.32854	0.778135
13.0809	2.18279	4.99789	1.75539	13.2198	2.66441	13.0075	2.33137	4.64258	2.01701	0.0592838	0.101944	0.949237	0.502326	3.32854	2.93663
13.2869	2.32323	4.89321	1.92624	13.0875	2.40708	13.2388	2.43409	4.605	2.08981	0.0590849	0.102126	0.94075	0.497904	2.65404	2.93663
13.4623	2.46134	4.59289	2.02976	12.7087	3.12439	13.4682	2.54047	4.56565	2.16317	0.0585196	0.101733	0.931668	0.49344	2.65404	11.1976
13.7125	2.57957	4.59562	2.12644	13.836	2.62479	13.6955	2.65053	4.52448	2.23703	0.0580118	0.101239	0.922889	0.488999	0.917658	11.1976
13.9319	2.68998	4.52969	2.18744	13.8302	2.73893	13.9208	2.7643	4.48147	2.31134	0.0574921	0.100806	0.914327	0.484743	0.917658	0.175045
14.1612	2.84541	4.48978	2.35041	14.2106	2.94205	14.1439	2.88179	4.43656	2.38601	0.0570149	0.100006	0.906006	0.48034	0.723501	0.175045
14.413	2.96052	4.59867	2.4397	14.5568	2.87021	14.3646	3.00303	4.38974	2.46099	0.0568715	0.0992713	0.898314	0.47604	0.723501	1.33485
14.6186	3.0323	4.54289	2.38469	14.4616	2.90734	14.583	3.12802	4.34097	2.5362	0.0565668	0.0992102	0.8908	0.472273	2.237	1.33485
14.8513	3.19024	4.57052	2.55136	14.6754	3.96041	14.7989	3.25679	4.29021	2.61157	0.056497	0.0987386	0.883854	0.46825	2.237	3.56615
15.0625	3.38355	4.48298	2.7624	15.0261	3.5067	15.0122	3.38932	4.23744	2.68703	0.0563974	0.0979011	0.876915	0.464369	1.11069	3.56615
15.2726	3.54896	4.33575	2.86231	15.3685	4.14761	15.2228	3.52563	4.18263	2.76249	0.0562935	0.0971286	0.869801	0.460663	1.11069	2.70833
15.488	3.73737	4.26874	3.03272	15.5236	3.82936	15.4306	3.66572	4.12575	2.83789	0.0563108	0.0967649	0.862837	0.457552	0.611035	2.70833
15.6982	3.87158	4.21021	3.05847	15.7234	3.4105	15.6355	3.80957	4.06678	2.91315	0.0564194	0.0963039	0.856044	0.454222	0.611035	1.01002
15.92	4.01461	4.18379	3.10396	15.9774	4.00094	15.8375	3.95719	4.00571	2.98817	0.0569271	0.0958101	0.849519	0.450839	0.195139	1.01002
16.1149	4.17147	4.0194	3.13212	16.3376	4.21632	16.0363	4.10854	3.94251	3.0629	0.0573287	0.0953835	0.842911	0.447387	0.195139	1.62994
16.3115	4.36714	3.94477	3.28466	16.3313	4.44499	16.2319	4.26363	3.87716	3.13723	0.0577373	0.0955137	0.836444	0.444308	0.413954	1.62994
16.5222	4.53202	3.93088	3.36375	16.7586	4.48231	16.4242	4.42242	3.80966	3.21109	0.058556	0.0957425	0.830217	0.44133	0.413954	0.650299
16.699	4.69809	3.84162	3.4248	16.6039	4.67344	16.613	4.5849	3.74	3.28438	0.05906	0.0960261	0.824091	0.43836	0.508509	0.650299
16.8529	4.87479	3.56302	3.41842	16.9236	5.10119	16.7983	4.75103	3.66817	3.35704	0.0589974	0.0964918	0.818109	0.435188	0.508509	3.7457
17.0148	5.10274	3.44704	3.60633	16.9955	5.21099	16.9799	4.92077	3.59416	3.42897	0.0587185	0.0982632	0.812352	0.43255	0.816219	3.7457
17.1865	5.26395	3.36862	3.62433	17.3421	4.64623	17.1579	5.09409	3.51797	3.50008	0.0583977	0.0996489	0.806726	0.429706	0.816219	1.47778
17.3423	5.44645	3.27614	3.69155	17.2894	5.43542	17.3319	5.27094	3.4396	3.57028	0.0579982	0.101113	0.80126	0.426912	0.154126	1.47778
17.5006	5.60415	3.17829	3.67995	17.6463	4.74597	17.5019	5.45128	3.35907	3.63949	0.0575943	0.102012	0.795961	0.423964	0.154126	2.79941
17.6885	5.72943	3.17778	3.61529	17.7853	5.62476	17.6679	5.63506	3.27637	3.70762	0.0572494	0.101911	0.790575	0.421189	1.31787	2.79941
17.836	5.91333	3.04261	3.6444	17.9216	6.07151	17.8297	5.82221	3.19151	3.77458	0.056866	0.101773	0.785406	0.418607	1.31787	0.669318
18.0065	6.11237	3.00014	3.73593	18.1263	6.16985	17.9872	6.01269	3.10453	3.84027	0.0565297	0.101746	0.780245	0.415981	0.933129	0.669318
18.1595	6.31559	2.94457	3.83581	18.1245	6.79027	18.1402	6.20641	3.01542	3.90462	0.0561998	0.101847	0.775138	0.413311	0.933129	0.878603
18.2799	6.5625	2.80272	4.00718	18.2164	6.66138	18.2888	6.40332	2.92421	3.96753	0.0558429	0.102797	0.770212	0.410643	0.919325	0.878603
18.4142	6.7709	2.69494	4.06896	18.4022	7.02231	18.4328	6.60333	2.83093	4.0289	0.0555236	0.103883	0.765414	0.408028	0.919325	0.274893
18.5589	6.90739	2.66086	3.97916	18.5422	6.76013	18.572	6.80638	2.7356	4.08867	0.0551908	0.103847	0.760601	0.405624	1.41338	0.274893
18.7097	7.11534	2.6651	4.08603	18.8089	7.24388	18.7064	7.01237	2.63825	4.14672	0.054846	0.103836	0.755838	0.403138	1.41338	0.795836
18.9046	7.25784	2.72291	3.99618	19.1441	7.18344	18.8359	7.22122	2.53893	4.20299	0.0550381	0.103274	0.751436	0.4013	3.68448	0.795836
18.9965	7.44708	2.50747	3.9562	18.5479	7.4012	18.9604	7.43283	2.43767	4.25737	0.0548469	0.102654	0.74688	0.40023	3.68448	3.62782
19.0857	7.72321	2.34389	4.16412	19.0138	7.8688	19.0798	7.64712	2.3345	4.3098	0.0545194	0.102375	0.742367	0.398133	1.78119	3.62782
19.2086	7.92728	2.29421	4.21361	19.3089	7.67375	19.1939	7.86397	2.22949	4.36017	0.0542175	0.101998	0.737969	0.396079	1.78119	0.266119
19.2865	8.1484	2.14687	4.27772	19.132	8.12845	19.3028	8.08329	2.12266	4.40842	0.0539264	0.101642	0.73362	0.393997	1.30573	0.266119
19.3867	8.35806	2.08843	4.33968	19.0239	8.17194	19.4062	8.30497	2.01409	4.45445	0.0536534	0.101211	0.729386	0.391895	1.30573	2.1621
19.4807	8.50203	2.02176	4.22515	19.347	8.30741	19.5042	8.5289	1.90381	4.49819	0.0534036	0.100669	0.725293	0.390735	3.16353	2.1621
19.5749	8.70366	1.91801	4.22196	19.6843	8.35902	19.5966	8.75494	1.7919	4.53956	0.0531499	0.100245	0.721285	0.389981	3.16353	0.443419
19.7336	8.88395	1.96188	4.18932	20.0039	8.8906	19.6835	8.983	1.67841	4.57848	0.0531176	0.100231	0.717851	0.389971	4.02206	0.443419
19.8113	9.09722	1.81508	4.18965	19.6061	9.48659	19.7645	9.21294	1.56341	4.61488	0.0530512	0.100416	0.714344	0.390381	4.02206	0.930322
19.9379	9.33553	1.79258	4.27906	20.1574	9.45949	19.8398	9.44463	1.44697	4.64869	0.0537514	0.100516	0.711332	0.390159	3.35104	0.930322
19.9891	9.54429	1.58715	4.2299	19.6163	9.76606	19.9093	9.67795	1.32916	4.67984	0.0541024	0.100935	0.707966	0.390858	3.35104	2.37499
20.0724	9.7961	1.49685	4.34156	20.1573	9.90876	19.9728	9.91275	1.21005	4.70826	0.0547929	0.101117	0.704777	0.390606	1.10781	2.37499
20.1341	10.0481	1.4017	4.4711	19.1911	11.5493	20.0303	10.1489	1.08972	4.73389	0.0555437	0.101114	0.701757	0.389467	1.10781	7.40351
20.1798	10.3343	1.23738	4.62581	20.166	10.4687	20.0818	10.3863	0.968259	4.75666	0.0561588	0.100721	0.698599	0.387644	1.19667	7.40351
20.1989	10.5629	1.01155	4.58541	19.6775	10.803	20.1271	10.6247	0.845742	4.77652	0.0563441	0.100394	0.695157	0.386113	1.19667	2.9432
20.2542	10.8483	0.885072	4.72133	20.371	11.0109	20.1663	10.864	0.722256	4.7934	0.0567579	0.0998876	0.691762	0.384187	2.22468	2.9432
20.2819	11.1095	0.744458	4.80482	19.4335	12.3402	20.1993	11.1041	0.597892	4.80727	0.0570804	0.0993782	0.688383	0.382222	2.22468	4.90351
20.3162	11.3494	0.629474	4.82028	20.3164	11.3483	20.2261	11.3449	0.472738	4.81807	0.0575077	0.0988761	0.685079	0.380287	8.35347e-05	4.90351
20.2671	11.5879	0.276019	4.70697	19.2063	12.2418	20.2466	11.5861	0.346889	4.82575	0.057256	0.0983806	0.681682	0.378567	8.35347e-05	10.6605
20.3368	11.8302	0.248754	4.73079	20.6141	11.9422	20.2608	11.8275	0.220439	4.83027	0.0574715	0.0978927	0.678304	0.376818	4.74274	10.6605
20.3608	12.0677	0.216426	4.81793	19.966	11.9688	20.2687	12.0692	0.093487	4.83159	0.0579127	0.0974118	0.675081	0.374969	4.74274	3.70368
20.3437	12.3669	0.0167266	4.93942	20.3263	12.4966	20.2701	12.3108	-0.0338694	4.82968	0.0580855	0.0970952	0.671814	0.373301	1.1181	3.70368
20.2967	12.5991	-0.250722	4.82325	20.0192	12.4823	20.2652	12.5522	-0.161529	4.82451	0.057888	0.0967364	0.668634	0.371502	1.1181	3.29051
20.3222	12.8362	-0.306834	4.80942	20.498	12.8924	20.254	12.7933	-0.28939	4.81605	0.0579954	0.0963657	0.665444	0.369729	1.83038	3.29051
20.3128	13.0617	-0.419779	4.75955	20.9151	12.2555	20.2363	13.0339	-0.417348	4.80428	0.058197	0.095948	0.662298	0.368007	1.83038	2.06953
20.2794	13.27	-0.548229	4.68815	20.1943	13.1688	20.2122	13.2738	-0.545298	4.78918	0.0582877	0.0954993	0.659196	0.366413	0.942078	2.06953
20.2423	13.5028	-0.672951	4.68834	19.858	13.5236	20.1818	13.5129	-0.673135	4.77072	0.0583093	0.0950611	0.656137	0.364799	0.942078	1.30038
20.2178	13.7693	-0.794811	4.73423	20.3245	13.8896	20.1449	13.7509	-0.800753	4.74892	0.0584596	0.0946404	0.653121	0.363124	1.38472	1.30038
20.1653	13.9914	-0.949469	4.65737	20.3387	13.5307	20.1017	13.9878	-0.928043	4.72374	0.0585089	0.0942099	0.650148	0.361525	1.38472	0.836309
20.1059	14.2545	-1.11148	4.69059	20.1216	14.337	20.0521	14.2233	-1.0549	4.69521	0.0584685	0.0938312	0.647235	0.359894	0.422142	0.836309
20.0348	14.4821	-1.25787	4.64967	19.6717	14.4038	19.9962	14.4573	-1.18121	4.66331	0.0583214	0.0934408	0.64438	0.358286	0.422142	1.38045
19.9212	14.7467	-1.49707	4.67446	19.781	14.773	19.934	14.6897	-1.30687	4.62805	0.0580752	0.0931812	0.641772	0.356723	1.23848	1.38045
19.8553	14.9627	-1.57152	4.63083	20.1149	14.0165	19.8655	14.9202	-1.43177	4.58944	0.0578277	0.092857	0.639085	0.355177	1.23848	3.36701
19.8284	15.1739	-1.58436	4.55002	20.0208	15.2053	19.7908	15.1486	-1.55581	4.54751	0.0576829	0.0924825	0.636306	0.353629	2.13321	3.36701
19.7029	15.3756	-1.86006	4.32181	20.0157	15.3443	19.7099	15.3749	-1.67887	4.50226	0.0574374	0.092083	0.633781	0.3525	2.13321	7.92146
19.6805	15.5523	-1.83345	4.19226	19.9131	15.554	19.6229	15.5989	-1.80085	4.45372	0.0574388	0.0917896	0.631074	0.351822	3.16769	7.92146
19.5932	15.7492	-1.92934	4.1244	19.9388	15.0864	19.5298	15.8203	-1.92164	4.40193	0.0574917	0.0916338	0.628394	0.351258	3.16769	1.22975
19.4841	15.9704	-2.07631	4.0982	19.4748	16.0098	19.4307	16.039	-2.04114	4.3469	0.0574585	0.0914647	0.625757	0.350521	0.105988	1.22975
19.3854	16.1751	-2.1515	4.07878	19.1556	16.0022	19.3257	16.2549	-2.15925	4.28868	0.0574778	0.0913742	0.623144	0.349583	0.105988	1.77769
19.276	16.3529	-2.24906	3.96991	19.238	16.2719	19.2148	16.4679	-2.27586	4.22731	0.0575094	0.0915942	0.620569	0.348921	0.441994	1.77769
19.1628	16.5445	-2.3567	3.89003	19.4007	16.2962	19.0981	16.6777	-2.39087	4.16284	0.0575717	0.0920113	0.618028	0.348365	0.441994	0.226948
19.0234	16.7672	-2.51815	3.87923	19.0029	16.8387	18.9757	16.8841	-2.50418	4.0953	0.0574984	0.0922408	0.615512	0.347492	0.358822	0.226948
18.8678	16.9591	-2.73972	3.72534	18.8373	17.7112	18.8477	17.0872	-2.61571	4.02476	0.0572945	0.0925848	0.613126	0.347131	0.358822	6.77837
18.6783	17.2151	-2.99545	3.76858	18.6148	17.3832	18.7142	17.2866	-2.72534	3.95127	0.0571551	0.0924351	0.611146	0.346126	2.1129	6.77837
18.5773	17.4172	-2.93178	3.7971	18.8177	17.0316	18.5752	17.4822	-2.83299	3.87489	0.0569281	0.0922498	0.60878	0.344819	2.1129	5.91324
18.3532	17.6217	-3.1906	3.74205	18.1023	17.5529	18.4309	17.674	-2.93858	3.79568	0.0571209	0.0920032	0.606791	0.343492	3.79301	5.91324
18.2153	17.8147	-3.2021	3.72278	18.2749	17.4877	18.2814	17.8617	-3.042	3.71372	0.0571962	0.0917372	0.604581	0.342149	3.79301	2.36511
18.0873	17.9961	-3.2301	3.63365	18.2094	18.0461	18.1268	18.0453	-3.14318	3.62906	0.0570799	0.0914835	0.602282	0.34082	0.954649	2.36511
17.9127	18.1497	-3.35667	3.46683	18.3021	17.498	17.9671	18.2246	-3.24204	3.5418	0.0570599	0.0913672	0.600045	0.33957	0.954649	2.00349
17.7923	18.2806	-3.33221	3.29942	17.9018	18.2183	17.8026	18.3994	-3.3385	3.45199	0.0568489	0.091608	0.597751	0.338534	1.05793	2.00349
17.6632	18.4573	-3.33426	3.2513	18.8558	18.1364	17.6334	18.5697	-3.43247	3.35973	0.0566926	0.091783	0.595544	0.337382	1.05793	6.63377
17.4584	18.6489	-3.502	3.22453	17.3845	18.7039	17.4595	18.7353	-3.5239	3.26509	0.0564791	0.091744	0.593304	0.336129	0.572115	6.63377
17.2808	18.7876	-3.58686	3.08122	17.7945	18.0801	17.281	18.8962	-3.61271	3.16817	0.056268	0.0918812	0.59109	0.334957	0.572115	1.73571
17.1243	18.9193	-3.60855	2.94849	17.1762	18.8863	17.0983	19.0521	-3.69883	3.06904	0.0561039	0.0922505	0.588948	0.333875	0.254389	1.73571
16.9569	19.0898	-3.656	2.91273	16.9398	19.7311	16.9113	19.203	-3.78221	2.9678	0.0560339	0.0924222	0.586879	0.332679	0.254389	3.08785
16.7369	19.2083	-3.78493	2.77313	16.5734	19.052	16.7201	19.3488	-3.86278	2.86455	0.0558473	0.092863	0.584771	0.331555	2.70305	3.08785
16.5441	19.3643	-3.87811	2.70328	16.1674	20.2201	16.5251	19.4894	-3.9405	2.75938	0.0556681	0.0931369	0.582672	0.330386	2.70305	3.26019
16.3071	19.5354	-4.0488	2.67185	16.2338	19.6171	16.3262	19.6246	-4.01531	2.65237	0.0554911	0.0931092	0.580579	0.329199	0.809843	3.26019
16.0861	19.6175	-4.14813	2.44925	16.4366	18.2742	16.1237	19.7545	-4.08716	2.54364	0.0553838	0.0934966	0.578525	0.328118	0.809843	10.0942
15.8778	19.7634	-4.22735	2.38206	15.9243	19.8703	15.9176	19.8789	-4.15602	2.43329	0.0552891	0.0936713	0.576501	0.326981	0.730759	10.0942
15.6929	19.8848	-4.1843	2.32205	16.2328	19.2166	15.7082	19.9978	-4.22185	2.32141	0.055109	0.0938212	0.574476	0.325828	0.730759	3.29008
15.4524	20.0447	-4.3236	2.30177	15.4332	20.1836	15.4956	20.111	-4.28461	2.2081	0.0550347	0.0936568	0.572474	0.324781	1.18607	3.29008
15.2335	20.1922	-4.38475	2.27348	14.3677	21.3406	15.2799	20.2185	-4.34427	2.09347	0.0549795	0.0933568	0.570492	0.323999	1.18607	5.59574
15.053	20.3169	-4.36447	2.19305	15.2016	20.4385	15.0613	20.3203	-4.4008	1.97763	0.0547939	0.0930348	0.56853	0.323375	1.97738	5.59574
14.8213	20.4008	-4.44247	2.03326	14.7476	19.9571	14.84	20.4162	-4.4542	1.86068	0.0546278	0.0927244	0.56658	0.322582	1.97738	2.11494
14.6077	20.5179	-4.4799	1.9582	14.6665	20.6088	14.6161	20.5063	-4.50443	1.74272	0.054446	0.0924134	0.564653	0.321974	0.619404	2.11494
14.3657	20.609	-4.58412	1.81819	13.841	21.0031	14.3897	20.5904	-4.55149	1.62386	0.0542977	0.0921133	0.562749	0.321281	0.619404	1.20231
14.121	20.6815	-4.64991	1.67402	14.0521	20.5924	14.1611	20.6686	-4.59537	1.50421	0.054215	0.0918097	0.560875	0.320504	0.67021	1.20231
13.8798	20.7558	-4.72666	1.5226	13.8232	20.859	13.9304	20.7408	-4.63606	1.38386	0.0541917	0.0915114	0.559051	0.319634	0.67021	0.343596
13.6016	20.8215	-4.84387	1.38202	13.4686	20.7253	13.6977	20.807	-4.67357	1.26294	0.0545748	0.0912155	0.557369	0.318722	1.47082	0.343596
13.3481	20.8559	-4.93879	1.14335	13.8263	20.4261	13.4632	20.8671	-4.70789	1.14153	0.0551909	0.0909194	0.555849	0.317671	1.47082	2.41535
13.1091	20.8922	-4.94275	0.970373	13.1072	20.8294	13.2271	20.9211	-4.73904	1.01975	0.055831	0.0906519	0.554274	0.316657	0.223492	2.41535
12.8753	20.9516	-4.9427	0.859341	13.2669	21.1579	12.9895	20.969	-4.76702	0.897694	0.056405	0.090368	0.552653	0.315642	0.223492	1.80397
12.6937	20.9853	-4.82948	0.71266	12.8729	21.0592	12.7506	21.0108	-4.79186	0.775469	0.0564085	0.0900992	0.550875	0.314663	2.17563	1.80397
12.435	21.029	-4.89686	0.587303	11.5171	21.6724	12.5106	21.0465	-4.81358	0.653175	0.0565523	0.089821	0.549147	0.313697	2.17563	2.51995
12.1903	21.065	-4.91587	0.465448	12.2062	21.11	12.2695	21.0761	-4.83219	0.530912	0.056725	0.0895389	0.547436	0.31274	0.121535	2.51995
11.951	21.085	-4.92925	0.313462	12.3859	21.1066	12.0276	21.0996	-4.84773	0.408778	0.056872	0.0892626	0.54574	0.311841	0.121535	0.982049
11.7159	21.0523	-4.88979	0.0925002	11.6814	20.8651	11.785	21.117	-4.86022	0.286869	0.0569567	0.0891294	0.544026	0.311241	1.96746	0.982049
11.4683	21.0389	-4.89256	-0.0808646	11.5265	20.6748	11.5418	21.1283	-4.86971	0.165281	0.0570747	0.0891308	0.542326	0.310876	1.96746	1.0927
11.2626	21.0283	-4.80797	-0.229207	11.363	21.0688	11.2982	21.1335	-4.87623	0.0441057	0.0569666	0.08924	0.540666	0.310657	0.688003	1.0927
11.0061	20.9905	-4.82479	-0.419062	10.5558	20.5567	11.0544	21.1327	-4.87982	-0.076565	0.0569172	0.0896634	0.539012	0.310863	0.688003	4.17013
10.8058	20.9491	-4.71866	-0.591363	10.8903	20.927	10.8105	21.1259	-4.88053	-0.196643	0.0567435	0.0904543	0.537506	0.311447	0.507454	4.17013
10.5631	20.9443	-4.65367	-0.630555	9.30535	21.3896	10.5666	21.1131	-4.8784	-0.31604	0.0565709	0.0911365	0.536152	0.311465	0.507454	5.46719
10.2665	20.9779	-4.79617	-0.647368	10.189	21.209	10.3229	21.0943	-4.87349	-0.434674	0.0565699	0.0913106	0.534558	0.310961	3.56333	5.46719
10.0305	20.958	-4.76996	-0.743764	9.97958	21.2932	10.0795	21.0697	-4.86585	-0.552463	0.0565275	0.0914466	0.532998	0.310379	3.56333	1.0164
9.85019	20.9152	-4.62915	-0.876516	9.99634	20.9797	9.83658	21.0391	-4.85554	-0.669327	0.0563679	0.0916756	0.531688	0.309863	1.4999	1.0164
9.62936	20.9	-4.52207	-0.883045	9.38223	21.111	9.59422	21.0028	-4.84262	-0.785189	0.0562652	0.0917459	0.53068	0.309032	1.4999	2.13276
9.4438	20.8481	-4.41431	-1.00634	9.53921	20.8762	9.35258	20.9607	-4.82714	-0.899977	0.0565357	0.0918827	0.53006	0.308225	0.601944	2.13276
9.23294	20.8022	-4.38151	-1.11713	9.63392	20.9724	9.11177	20.9128	-4.80919	-1.01362	0.0571302	0.0920042	0.529516	0.307419	0.601944	1.39483
8.91354	20.7794	-4.57397	-1.16765	8.70331	20.8221	8.87192	20.8594	-4.78881	-1.12605	0.0570517	0.0919385	0.528221	0.306536	3.05843	1.39483
8.70736	20.6978	-4.49935	-1.32531	9.84634	20.009	8.63315	20.8003	-4.76608	-1.2372	0.0571664	0.0920038	0.527075	0.305717	3.05843	4.27413
8.41174	20.6193	-4.61006	-1.4545	8.22277	20.4839	8.39557	20.7358	-4.74108	-1.34701	0.0570142	0.0921634	0.525644	0.304942	3.0627	4.27413
8.18346	20.5396	-4.57753	-1.58618	8.29647	20.4978	8.1593	20.6657	-4.71387	-1.45542	0.0568796	0.0923945	0.524233	0.304226	3.0627	0.0643375
7.93427	20.4608	-4.58294	-1.69436	7.88599	20.45	7.92445	20.5903	-4.68453	-1.56237	0.0567217	0.0926488	0.52279	0.303519	0.153381	0.0643375
7.71727	20.3755	-4.55238	-1.84415	8.29081	20.6565	7.69111	20.5096	-4.65313	-1.66781	0.0565948	0.0929364	0.521358	0.302948	0.153381	3.37727
7.3852	20.3204	-4.74539	-1.88309	7.18029	20.392	7.45939	20.4237	-4.61975	-1.7717	0.0567095	0.092998	0.519969	0.302207	3.18315	3.37727
7.14859	20.2262	-4.68629	-1.96908	7.09214	20.1196	7.22939	20.3326	-4.58448	-1.87399	0.0568733	0.0930785	0.518562	0.301441	3.18315	0.262675
6.87962	20.1424	-4.72347	-2.04356	6.81542	20.1859	7.00119	20.2364	-4.54738	-1.97462	0.0574375	0.0930835	0.517279	0.300642	0.402755	0.262675
6.65268	20.0522	-4.64697	-2.09911	6.89359	20.1536	6.7749	20.1352	-4.50854	-2.07357	0.0579976	0.0930304	0.515944	0.299811	0.402755	0.601573
6.40701	19.9592	-4.63685	-2.17432	6.38914	20.0137	6.55059	20.0292	-4.46805	-2.17079	0.0588135	0.0929185	0.514669	0.298982	0.191536	0.601573
6.19043	19.8664	-4.56516	-2.24126	6.67637	20.2142	6.32834	19.9183	-4.42598	-2.26625	0.0595359	0.0927427	0.513357	0.298165	0.191536	2.99035
5.92557	19.7718	-4.60545	-2.30163	5.86119	19.8306	6.10823	19.8027	-4.38241	-2.35993	0.060889	0.0925172	0.512218	0.297381	0.497425	2.99035
5.68322	19.6291	-4.61367	-2.49579	5.28178	19.5036	5.89034	19.6824	-4.33744	-2.45178	0.0626135	0.0923492	0.51123	0.296589	0.497425	1.67018
5.52834	19.5024	-4.39721	-2.59451	5.69089	19.5755	5.67472	19.5577	-4.29114	-2.5418	0.0633646	0.0921888	0.509906	0.295812	1.94949	1.67018
5.3256	19.3542	-4.30465	-2.73162	5.9506	18.9859	5.46145	19.4284	-4.24359	-2.62995	0.0639743	0.0921018	0.508553	0.29511	1.94949	1.8123
5.12019	19.2511	-4.23661	-2.76963	5.17021	19.4397	5.25059	19.2948	-4.19488	-2.71622	0.0645117	0.0919109	0.507201	0.294346	2.0086	1.8123
4.94074	19.1381	-4.08092	-2.7636	5.87397	19.301	5.04219	19.157	-4.1451	-2.80059	0.0647639	0.0916766	0.505872	0.293574	2.0086	4.67543
4.78975	18.9883	-3.90566	-2.86482	4.89149	18.982	4.8363	19.015	-4.09432	-2.88305	0.064681	0.0914544	0.504718	0.2928	0.697216	4.67543
4.57563	18.8382	-3.91002	-3.0077	3.98679	19.0452	4.63297	18.8689	-4.04263	-2.96359	0.0646445	0.0912406	0.50348	0.292046	0.697216	1.58914
4.40416	18.707	-3.79927	-3.06073	4.4685	18.834	4.43224	18.7188	-3.99012	-3.0422	0.0645071	0.0910054	0.50235	0.291283	1.08292	1.58914
4.23346	18.5634	-3.66299	-3.07724	4.69245	18.4634	4.23416	18.5648	-3.93685	-3.11888	0.0643389	0.0907682	0.50143	0.290539	1.08292	1.16134
4.11851	18.4117	-3.45242	-3.14609	4.26269	18.481	4.03876	18.4071	-3.88293	-3.19362	0.0644283	0.0905333	0.501088	0.289806	1.57443	1.16134
3.92044	18.2396	-3.5162	-3.39852	3.42434	18.8357	3.84606	18.2457	-3.82841	-3.26644	0.0644835	0.0903008	0.500298	0.289213	1.57443	7.34177
3.64878	18.0949	-3.65354	-3.44217	3.45919	18.167	3.65611	18.0807	-3.77339	-3.33732	0.0643201	0.0900747	0.499087	0.288569	2.74089	7.34177
3.49577	17.9454	-3.48097	-3.40024	4.3011	17.9267	3.46891	17.9122	-3.71795	-3.40627	0.0641845	0.089876	0.4981	0.287832	2.74089	3.49678
3.25894	17.7768	-3.54801	-3.47106	3.12525	17.7493	3.28449	17.7402	-3.66215	-3.47331	0.0640472	0.0896855	0.496901	0.2871	1.20874	3.49678
3.0691	17.5935	-3.54069	-3.6342	2.65664	17.888	3.10287	17.565	-3.60609	-3.53844	0.0639304	0.0894816	0.495666	0.286455	1.20874	2.17048
2.89749	17.4748	-3.47542	-3.59941	2.9449	17.8154	2.92405	17.3866	-3.54982	-3.60167	0.0637973	0.0894751	0.494447	0.285735	6.23758	2.17048
2.74333	17.2598	-3.39319	-3.82755	3.26647	17.0897	2.74805	17.2051	-3.49344	-3.66302	0.0636385	0.0893349	0.49326	0.285257	6.23758	2.73053
2.56793	17.0706	-3.32663	-3.89597	2.55407	17.0853	2.57486	17.0205	-3.437	-3.72251	0.0634819	0.0891823	0.492093	0.284809	0.0254267	2.73053
2.41143	16.9063	-3.17963	-3.78897	2.55039	16.8884	2.4045	16.833	-3.38059	-3.78014	0.0633264	0.0891104	0.491078	0.284104	0.0254267	2.31397
2.25088	16.7346	-3.11373	-3.82279	2.25371	16.8334	2.23695	16.6427	-3.32428	-3.83595	0.0631778	0.0891243	0.490089	0.283405	0.517481	2.31397
2.07891	16.538	-3.04637	-3.82649	1.57735	16.0489	2.07221	16.4497	-3.26812	-3.88995	0.0630245	0.0891207	0.489133	0.282744	0.517481	4.79852
1.92136	16.3081	-2.9766	-3.94762	1.88972	16.1054	1.91027	16.254	-3.21219	-3.94216	0.0628754	0.0889835	0.488216	0.282054	2.21928	4.79852
1.77427	16.132	-2.8786	-3.90386	1.74362	16.2687	1.75112	16.0557	-3.15656	-3.99261	0.0627433	0.0889267	0.487414	0.281437	2.21928	0.818165
1.56688	15.9637	-2.95439	-3.91482	1.44745	16.0853	1.59474	15.8549	-3.10129	-4.04132	0.0626216	0.0890332	0.486343	0.280894	1.78847	0.818165
1.43022	15.7322	-2.89286	-4.12942	1.6097	15.5526	1.44111	15.6517	-3.04644	-4.08832	0.0624754	0.0889938	0.485289	0.280232	1.78847	2.06245
1.25442	15.5114	-2.8866	-4.20664	1.18395	15.4284	1.29021	15.4463	-2.99207	-4.13364	0.0623749	0.0888946	0.484182	0.279607	0.679594	2.06245
1.09917	15.319	-2.83153	-4.18965	0.828993	15.528	1.14201	15.2386	-2.93825	-4.1773	0.0622964	0.0888563	0.483084	0.278941	0.679594	1.02022
0.881007	15.0964	-2.93533	-4.25893	0.722706	15.0075	0.996486	15.0288	-2.88503	-4.21933	0.062655	0.0887678	0.48195	0.278293	2.06526	1.02022
0.74439	14.9181	-2.8288	-4.15711	1.03147	15.2134	0.853604	14.8169	-2.83246	-4.25977	0.0629555	0.0888308	0.480812	0.277725	2.06526	2.59379
0.649457	14.7073	-2.66342	-4.20064	0.737301	14.7047	0.71333	14.603	-2.78061	-4.29864	0.0629598	0.0889097	0.479749	0.277154	0.519065	2.59379
0.529587	14.4654	-2.58672	-4.38053	0.722177	14.2445	0.575628	14.3872	-2.72952	-4.33598	0.0628914	0.0888625	0.478727	0.276522	0.519065	1.78576
0.352302	14.2401	-2.62451	-4.43767	0.253435	14.2029	0.440459	14.1696	-2.67925	-4.37181	0.0630323	0.088786	0.477627	0.275915	0.724083	1.78576
0.213781	13.9859	-2.59583	-4.65979	-0.0328023	13.9604	0.307779	13.9502	-2.62984	-4.40617	0.0632107	0.0886135	0.476525	0.275816	0.724083	2.36672
0.212731	13.7399	-2.21439	-4.70507	0.459172	13.6856	0.177545	13.7292	-2.58135	-4.43909	0.0631101	0.0884121	0.476078	0.275772	4.24888	2.36672
0.100415	13.4962	-2.13913	-4.82253	0.0524412	13.6377	0.0497099	13.5065	-2.53381	-4.47061	0.0630587	0.0882119	0.475737	0.276169	4.24888	0.647588
-0.0671771	13.2598	-2.18979	-4.86572	-0.190344	13.2856	-0.0757753	13.2823	-2.48728	-4.50075	0.0629173	0.0880234	0.475075	0.276639	1.05504	0.647588
-0.182887	13.0442	-2.10529	-4.75892	-0.275043	13.1456	-0.198962	13.0566	-2.44179	-4.52955	0.0627835	0.0878271	0.474536	0.276443	1.05504	1.40905
-0.174104	12.8252	-1.76834	-4.74316	0.0462308	12.9301	-0.319903	12.8295	-2.39739	-4.55704	0.0634044	0.0876287	0.475349	0.2761	3.83442	1.40905
-0.285424	12.6009	-1.71138	-4.65655	-0.684792	12.3563	-0.438654	12.6011	-2.35412	-4.58326	0.0640919	0.0874311	0.476235	0.275522	3.83442	3.0673
-0.404479	12.3667	-1.70116	-4.69638	-0.476482	12.3633	-0.555273	12.3714	-2.31202	-4.60823	0.0647404	0.0872354	0.476923	0.274967	0.345167	3.0673
-0.519059	12.1591	-1.68225	-4.63572	-0.972122	12.5207	-0.669818	12.1404	-2.27111	-4.63198	0.0653764	0.0870494	0.477481	0.274352	0.345167	3.52719
-0.594626	11.9446	-1.59026	-4.63445	-0.582624	12.0386	-0.78235	11.9083	-2.23144	-4.65456	0.0664206	0.0868894	0.478333	0.273745	0.475974	3.52719
-0.714076	11.7154	-1.60158	-4.63752	-1.26757	11.6495	-0.892931	11.6751	-2.19304	-4.67598	0.0673329	0.0867383	0.478892	0.273151	0.475974	2.76768
-0.915443	11.4672	-1.8071	-4.69627	-1.17212	11.3988	-1.00163	11.4409	-2.15594	-4.69628	0.0674275	0.0865646	0.478397	0.272549	4.58906	2.76768
-1.00588	11.245	-1.73823	-4.58668	-0.891441	10.959	-1.1085	11.2057	-2.12017	-4.71549	0.0676219	0.0864139	0.478016	0.272084	4.58906	2.4439
-1.18742	11.0163	-1.90299	-4.60991	-1.39289	11.0424	-1.21362	10.9695	-2.08575	-4.73364	0.0674963	0.0862804	0.477124	0.271612	2.78376	2.4439
-1.27161	10.7691	-1.84256	-4.7543	-1.29894	10.9012	-1.31706	10.7324	-2.05273	-4.75075	0.0674161	0.0861266	0.476288	0.271021	2.78376	1.34253
-1.40697	10.5114	-1.8969	-4.80991	-1.49687	10.4198	-1.41889	10.4945	-2.02111	-4.76686	0.0672745	0.0859471	0.475326	0.270449	0.990631	1.34253
-1.50296	10.2464	-1.85772	-4.93115	-1.59293	10.0212	-1.51917	10.2559	-1.99093	-4.78198	0.0671378	0.085764	0.474381	0.270043	0.990631	1.16005
-1.59725	10.0373	-1.81348	-4.88841	-1.61875	10.2374	-1.61797	10.0165	-1.96221	-4.79615	0.0670074	0.0855906	0.473462	0.269531	2.13568	1.16005
-1.6822	9.81027	-1.75156	-4.83255	-1.59702	9.96554	-1.71539	9.77637	-1.93498	-4.80939	0.0668992	0.0854362	0.472602	0.268959	2.13568	0.609591
-1.75402	9.59288	-1.66957	-4.80652	-1.73381	9.71347	-1.81147	9.53564	-1.90924	-4.82172	0.0668618	0.085336	0.471854	0.268387	0.807824	0.609591
-1.87248	9.33691	-1.70904	-4.91555	-2.27191	9.37316	-1.90631	9.29431	-1.88502	-4.83316	0.0667564	0.0852001	0.470993	0.267872	0.807824	2.51647
-1.96056	9.03937	-1.66996	-5.01833	-1.93833	8.77028	-1.99998	9.05243	-1.86233	-4.84374	0.0666646	0.0850244	0.470164	0.267547	3.85499	2.51647
-2.04024	8.82096	-1.61542	-4.90222	-1.96565	9.13274	-2.09256	8.81003	-1.8412	-4.85347	0.0666108	0.0848486	0.469403	0.267003	3.85499	2.00996
-2.13836	8.56822	-1.61404	-4.93372	-2.1768	8.5411	-2.18412	8.56717	-1.82164	-4.86238	0.0665371	0.0846709	0.468613	0.266484	0.138901	2.00996
-2.27142	8.31053	-1.69899	-4.96705	-2.65862	8.19477	-2.27474	8.32388	-1.80365	-4.87047	0.0663987	0.0844987	0.467684	0.266001	0.138901	2.78944
-2.31177	8.08245	-1.55773	-4.9351	-2.21875	8.15339	-2.3645	8.0802	-1.78726	-4.87778	0.0663478	0.0843233	0.466947	0.265474	0.853115	2.78944
-2.36529	7.87584	-1.4615	-4.85037	-2.273	8.52315	-2.45348	7.83617	-1.77248	-4.8843	0.0664528	0.0841876	0.46641	0.264934	0.853115	5.45074
-2.48427	7.62176	-1.52901	-4.89655	-2.59674	7.60288	-2.54177	7.59184	-1.75931	-4.89006	0.0664185	0.0840361	0.465684	0.264389	0.821738	5.45074
-2.64206	7.38713	-1.69003	-4.79527	-3.08256	7.38874	-2.62944	7.34723	-1.74777	-4.89507	0.0662872	0.0839026	0.464743	0.263924	0.821738	5.66012
-2.74982	7.13003	-1.72681	-4.83773	-2.79865	7.064	-2.71658	7.10238	-1.73786	-4.89933	0.0661858	0.0837498	0.463794	0.263414	0.402367	5.66012
-2.80912	6.8982	-1.63686	-4.86927	-2.79412	7.20818	-2.80326	6.85734	-1.72958	-4.90286	0.0660522	0.08362	0.462888	0.262887	0.402367	1.6305
-2.8425	6.69921	-1.49605	-4.78263	-2.74651	6.86867	-2.88957	6.61214	-1.72295	-4.90566	0.0659864	0.0836343	0.462176	0.262471	2.22461	1.6305
-2.89157	6.48732	-1.41895	-4.63835	-2.57673	6.36755	-2.97559	6.36681	-1.71797	-4.90774	0.0660689	0.0838156	0.461634	0.262499	2.22461	3.39264
-2.94805	6.25375	-1.36244	-4.64292	-2.90217	6.22989	-3.0614	6.12139	-1.71464	-4.90911	0.0663263	0.0840666	0.461246	0.262514	0.149241	3.39264
-3.07205	6.00136	-1.46252	-4.73227	-3.50172	6.10796	-3.14709	5.87592	-1.71297	-4.90976	0.0663634	0.0842725	0.460595	0.262229	0.149241	4.03583
-3.16427	5.72019	-1.49185	-4.8269	-3.1778	5.53101	-3.23274	5.63043	-1.71295	-4.9097	0.0663719	0.084295	0.459889	0.261758	1.98594	4.03583
-3.27299	5.47338	-1.57304	-4.76966	-3.19736	5.19093	-3.31843	5.38496	-1.71458	-4.90893	0.0663019	0.0843118	0.459062	0.261385	1.98594	2.41304
-3.37618	5.20673	-1.62448	-4.83547	-3.43031	5.10507	-3.40424	5.13955	-1.71787	-4.90745	0.0661943	0.0842509	0.458191	0.260908	0.777042	2.41304
-3.44502	4.96121	-1.57677	-4.86986	-3.4281	4.94644	-3.49026	4.89422	-1.72281	-4.90525	0.0661248	0.0841899	0.45738	0.260403	0.777042	0.178372
-3.57035	4.67175	-1.68196	-4.98404	-3.69435	4.52196	-3.57657	4.64902	-1.72939	-4.90233	0.0659962	0.0840368	0.456492	0.259942	2.24492	0.178372
-3.68165	4.41689	-1.77248	-4.93629	-3.50501	4.17643	-3.66325	4.40398	-1.73763	-4.89868	0.0658772	0.0838763	0.455605	0.259445	2.24492	2.2672
-3.82338	4.13535	-1.90573	-5.0301	-4.00238	4.04684	-3.75039	4.15913	-1.74749	-4.8943	0.0659064	0.0837261	0.454825	0.259078	2.33272	2.2672
-3.90089	3.89725	-1.84079	-5.02913	-4.06447	4.10977	-3.83806	3.91452	-1.75899	-4.88918	0.0658947	0.0835707	0.453971	0.258722	2.33272	1.26856
-3.96752	3.67211	-1.77738	-4.96051	-3.88053	3.75177	-3.92635	3.67019	-1.77212	-4.8833	0.0658171	0.0834092	0.453094	0.258267	0.809234	1.26856
-4.06189	3.47599	-1.80421	-4.81377	-4.23729	3.88878	-4.01533	3.42616	-1.78686	-4.87666	0.0657538	0.083306	0.452223	0.257799	0.809234	4.22391
-4.1526	3.23222	-1.81013	-4.81951	-4.15119	3.21968	-4.10509	3.18248	-1.8032	-4.86925	0.0656936	0.0832033	0.451356	0.257323	0.00888844	4.22391
-4.27222	2.97189	-1.90897	-4.84975	-4.27467	2.88187	-4.19571	2.93919	-1.82113	-4.86104	0.0657382	0.0830689	0.450527	0.256833	0.00888844	0.851334
-4.36555	2.69235	-1.92383	-4.92805	-4.32451	2.55034	-4.28727	2.69633	-1.84065	-4.85202	0.0657904	0.0829112	0.449699	0.256387	1.21109	0.851334
-4.4514	2.44417	-1.8973	-4.93158	-4.38481	2.39989	-4.37985	2.45393	-1.86173	-4.84218	0.0658132	0.0827562	0.448851	0.25596	1.21109	0.167032
-4.5592	2.17351	-1.93338	-4.99359	-4.61223	2.09192	-4.47352	2.21205	-1.88436	-4.83149	0.0658995	0.0826338	0.448014	0.25567	0.539045	0.167032
-4.66781	1.94281	-2.03654	-4.92519	-4.29257	1.92854	-4.56836	1.97072	-1.90853	-4.81994	0.0660575	0.0824961	0.44724	0.255271	0.539045	4.18766
-4.7874	1.66022	-2.09326	-5.01567	-4.86829	1.53442	-4.66444	1.72998	-1.93422	-4.80751	0.0663617	0.0824521	0.446508	0.255111	1.26153	4.18766
-4.9116	1.40671	-2.18505	-5.0201	-4.98165	1.43611	-4.76186	1.48989	-1.9614	-4.79417	0.0668664	0.0824548	0.445883	0.255008	1.26153	0.456951
-4.96586	1.18579	-2.10231	-4.9112	-4.66779	1.28643	-4.86066	1.25049	-1.99007	-4.7799	0.0670494	0.0823959	0.445106	0.254659	5.26656	0.456951
-5.05778	0.980009	-2.08004	-4.79689	-4.98594	1.10894	-4.96095	1.01182	-2.02019	-4.76468	0.0671841	0.0822659	0.444296	0.254195	5.26656	1.18799
-5.11484	0.758214	-2.01757	-4.72365	-4.85498	0.825661	-5.06277	0.77393	-2.05174	-4.74848	0.0671346	0.0821196	0.44348	0.25373	3.80288	1.18799
-5.21394	0.448244	-2.05762	-4.90913	-4.84736	0.18101	-5.16621	0.536876	-2.08471	-4.73127	0.0670736	0.0821444	0.442668	0.253493	3.80288	5.30937
-5.28726	0.213348	-2.02341	-4.86547	-5.1231	0.257311	-5.27133	0.300706	-2.11906	-4.71303	0.0669575	0.0821641	0.441894	0.253196	1.5213	5.30937
-5.39648	-0.0148726	-1.99988	-4.80408	-5.99809	-0.290765	-5.3782	0.0654719	-2.15477	-4.69374	0.0668444	0.0821576	0.441186	0.252822	1.5213	5.83494
-5.46614	-0.247338	-1.96155	-4.77186	-5.29972	-0.212982	-5.4869	-0.168772	-2.1918	-4.67335	0.0667345	0.0821448	0.440602	0.252431	1.51969	5.83494
-5.58462	-0.41902	-2.04659	-4.6227	-5.64447	-0.144522	-5.59748	-0.401971	-2.23014	-4.65185	0.066618	0.0820023	0.439942	0.25198	1.51969	3.56587
-5.71815	-0.596229	-2.12596	-4.49055	-5.85359	-0.445801	-5.71001	-0.634069	-2.26974	-4.62919	0.0664994	0.0818857	0.439232	0.251662	2.36577	3.56587
-5.83369	-0.835235	-2.26438	-4.57688	-5.30947	-0.724468	-5.82456	-0.865006	-2.31058	-4.60536	0.0663819	0.0817578	0.43845	0.251215	2.36577	5.7073
-5.93128	-1.11404	-2.25561	-4.68099	-5.87835	-1.26863	-5.94118	-1.09472	-2.35262	-4.58032	0.0662655	0.0816193	0.437702	0.250837	1.57139	5.7073
-6.02096	-1.3898	-2.22988	-4.76952	-5.68069	-1.52871	-6.05993	-1.32316	-2.39581	-4.55404	0.0661881	0.0815707	0.437032	0.25072	1.57139	2.76895
-6.15957	-1.59579	-2.31003	-4.68298	-6.27263	-1.50938	-6.18087	-1.55025	-2.44014	-4.52648	0.0660824	0.0814707	0.436323	0.250447	1.15805	2.76895
-6.30161	-1.84748	-2.49717	-4.79654	-6.11355	-1.75966	-6.30406	-1.77593	-2.48555	-4.49762	0.0659653	0.0814377	0.435549	0.250636	1.15805	3.58842
-6.41044	-2.10172	-2.49656	-4.81552	-6.34007	-2.13685	-6.42954	-2.00014	-2.532	-4.46742	0.0658584	0.0815176	0.434784	0.251047	0.350426	3.58842
-6.55973	-2.30178	-2.55947	-4.67896	-6.99344	-2.17445	-6.55738	-2.22281	-2.57946	-4.43585	0.0657425	0.0815088	0.43402	0.251019	0.350426	3.44035
-6.71035	-2.50924	-2.64309	-4.59493	-6.79288	-2.4458	-6.68761	-2.44386	-2.62788	-4.40288	0.0656409	0.0814578	0.433259	0.250836	0.635351	3.44035
-6.86492	-2.72396	-2.73603	-4.54312	-7.14408	-2.67584	-6.82029	-2.66323	-2.6772	-4.36847	0.0655792	0.0813945	0.432514	0.25061	0.635351	1.19599
-6.9593	-2.99652	-2.68366	-4.63253	-6.8003	-3.10086	-6.95546	-2.88084	-2.7274	-4.3326	0.0654652	0.081539	0.431768	0.250799	2.1268	1.19599
-7.08743	-3.21781	-2.67195	-4.55769	-7.13937	-3.22028	-7.09316	-3.09663	-2.7784	-4.29523	0.0653523	0.0817099	0.431063	0.250841	2.1268	0.351462
-7.21224	-3.4052	-2.70395	-4.4498	-7.12118	-3.26434	-7.23344	-3.3105	-2.83017	-4.25632	0.0652511	0.0817584	0.430381	0.250665	1.53788	0.351462
-7.35848	-3.65791	-2.74218	-4.49193	-7.77186	-4.08999	-7.37632	-3.5224	-2.88265	-4.21586	0.0651469	0.0820043	0.429717	0.250757	1.53788	4.34669
-7.51636	-3.78416	-2.84543	-4.2497	-7.49009	-3.49081	-7.52184	-3.73223	-2.93579	-4.1738	0.0650357	0.0819199	0.429011	0.250365	5.10524	4.34669
-7.6609	-3.99471	-2.917	-4.24348	-7.52393	-3.88213	-7.67004	-3.93992	-2.98953	-4.13012	0.0649264	0.0818423	0.428297	0.250024	5.10524	0.510601
-7.81616	-4.22497	-2.96875	-4.25319	-7.88049	-4.29783	-7.82094	-4.14538	-3.04381	-4.08479	0.0648161	0.0818347	0.427588	0.249791	0.505908	0.510601
-7.96724	-4.44422	-3.00451	-4.23377	-8.08524	-4.57834	-7.97457	-4.34854	-3.09857	-4.03778	0.0647072	0.0818858	0.426895	0.249627	0.505908	0.382711
-8.13018	-4.68492	-3.05634	-4.26612	-8.22492	-4.79812	-8.13095	-4.5493	-3.15376	-3.98906	0.0645975	0.0821273	0.426209	0.249725	1.16936	0.382711
-8.27033	-4.88015	-2.98179	-4.1174	-8.453	-4.95621	-8.2901	-4.74759	-3.2093	-3.93862	0.0644985	0.0823497	0.425694	0.24952	1.16936	2.22547
-8.40195	-5.09599	-2.98104	-4.11891	-8.33552	-5.1059	-8.45204	-4.94331	-3.26514	-3.88641	0.0644554	0.082687	0.425296	0.249464	0.258557	2.22547
-8.5498	-5.25318	-2.97076	-3.9411	-8.55062	-4.79248	-8.61678	-5.13637	-3.32121	-3.83242	0.064464	0.082825	0.425067	0.249125	0.258557	3.27391
-8.73756	-5.45257	-3.07339	-3.9109	-8.91477	-5.51752	-8.78433	-5.32669	-3.37745	-3.77663	0.064413	0.0830062	0.42472	0.248829	1.89684	3.27391
-8.89858	-5.64745	-3.11996	-3.87846	-9.04115	-5.69364	-8.95469	-5.51417	-3.43377	-3.71901	0.0643871	0.0832243	0.424398	0.248585	1.89684	0.257697
-9.05348	-5.83217	-3.15589	-3.8319	-9.03391	-5.80267	-9.12788	-5.69872	-3.49012	-3.65955	0.0644229	0.0834412	0.42413	0.24837	0.0680872	0.257697
-9.19361	-5.9795	-3.12314	-3.67333	-8.86897	-5.41973	-9.30388	-5.88026	-3.54643	-3.59823	0.0646284	0.0834985	0.424128	0.247996	0.0680872	5.28722
-9.36552	-6.07756	-3.20391	-3.46407	-9.30811	-5.82368	-9.4827	-6.05868	-3.60261	-3.53503	0.0648719	0.0833676	0.424046	0.24762	3.92784	5.28722
-9.54361	-6.26095	-3.29884	-3.46521	-9.80646	-6.41174	-9.66432	-6.23389	-3.6586	-3.46994	0.0651341	0.0832449	0.423851	0.247213	3.92784	1.20005
-9.68316	-6.47169	-3.28439	-3.51282	-9.62547	-6.55958	-9.84874	-6.4058	-3.71431	-3.40295	0.0657148	0.0831939	0.423871	0.246887	0.709169	1.20005
-9.90658	-6.63719	-3.50806	-3.5013	-10.6688	-6.35543	-10.0359	-6.57431	-3.76969	-3.33404	0.0660227	0.0831356	0.423442	0.246669	0.709169	7.27945
-10.1105	-6.80662	-3.60329	-3.43722	-10.2246	-6.83402	-10.2259	-6.73933	-3.82463	-3.26321	0.0662436	0.0830889	0.42294	0.246467	0.747473	7.27945
-10.2963	-6.96898	-3.68874	-3.39608	-10.2205	-6.71044	-10.4186	-6.90075	-3.87907	-3.19046	0.0665021	0.0830449	0.422392	0.246346	0.747473	0.865434
-10.5286	-7.15679	-3.81655	-3.36675	-10.7616	-7.29159	-10.614	-7.05849	-3.93293	-3.11577	0.066572	0.0830988	0.42176	0.246361	3.82513	0.865434
-10.7339	-7.29876	-3.90223	-3.26164	-10.8944	-6.83335	-10.8121	-7.21245	-3.98613	-3.03916	0.0666126	0.0831094	0.421107	0.246287	3.82513	1.78333
-10.9832	-7.46642	-4.04717	-3.1918	-11.2219	-7.56979	-11.0128	-7.36252	-4.03859	-2.96062	0.0665265	0.0831846	0.420429	0.24624	3.60164	1.78333
-11.1699	-7.60409	-4.02078	-3.05914	-10.986	-7.3707	-11.2161	-7.50862	-4.09021	-2.88015	0.0664714	0.0832268	0.419773	0.246054	3.60164	1.38024
-11.3186	-7.75697	-3.96856	-3.02447	-11.0934	-7.6776	-11.422	-7.65064	-4.14093	-2.79777	0.0666221	0.0833109	0.419216	0.245995	3.05925	1.38024
-11.5126	-7.88289	-3.99106	-2.90822	-11.4213	-7.46085	-11.6304	-7.78849	-4.19066	-2.71349	0.0668476	0.0833485	0.418699	0.245848	3.05925	1.7256
-11.69	-7.98582	-3.9992	-2.77452	-11.5269	-7.8215	-11.8413	-7.92208	-4.23932	-2.6273	0.0672836	0.0832936	0.418253	0.245598	2.84622	1.7256
-11.8793	-8.09814	-3.94564	-2.612	-11.9422	-7.88317	-12.0546	-8.05131	-4.28682	-2.53924	0.0678962	0.0832034	0.418031	0.245243	2.84622	1.25879
-12.0913	-8.1881	-4.01563	-2.46573	-12.09	-8.08828	-12.2702	-8.17609	-4.33309	-2.44932	0.0685292	0.0830748	0.417752	0.244858	0.614652	1.25879
-12.3227	-8.31936	-4.23904	-2.48969	-12.4462	-8.02117	-12.4881	-8.29633	-4.37802	-2.35756	0.0690466	0.0829541	0.417168	0.244585	0.614652	2.96026
-12.5263	-8.40114	-4.26924	-2.33761	-12.4231	-8.2599	-12.7082	-8.41193	-4.42156	-2.26399	0.0696859	0.0828262	0.4166	0.244236	1.65741	2.96026
-12.727	-8.48861	-4.20746	-2.16185	-12.7461	-8.19449	-12.9304	-8.5228	-4.4636	-2.16863	0.0705001	0.0827188	0.416195	0.243854	1.65741	1.51981
-13.0084	-8.58014	-4.37344	-2.02074	-13.2911	-8.64594	-13.1547	-8.62886	-4.50407	-2.07151	0.0708625	0.0826346	0.415611	0.243491	4.58684	1.51981
-13.2611	-8.68201	-4.53272	-1.95819	-13.7929	-8.47158	-13.381	-8.73002	-4.54289	-1.97267	0.0710672	0.0825495	0.414965	0.243114	4.58684	2.8106
-13.4829	-8.7298	-4.56393	-1.77069	-13.384	-8.57583	-13.6092	-8.82619	-4.57997	-1.87214	0.0713046	0.082596	0.414323	0.242803	1.83829	2.8106
-13.6902	-8.7752	-4.45397	-1.54536	-13.6376	-8.26344	-13.8392	-8.91729	-4.61524	-1.76997	0.0716741	0.0828453	0.41378	0.242749	1.83829	3.54145
-13.919	-8.88321	-4.49574	-1.51247	-13.9959	-8.99264	-14.0709	-9.00324	-4.64861	-1.6662	0.0720581	0.0829853	0.41323	0.242525	0.976436	3.54145
-14.179	-8.97216	-4.71699	-1.49613	-14.4737	-8.79552	-14.3043	-9.08395	-4.68001	-1.56086	0.0722812	0.0830889	0.412601	0.242179	0.976436	2.85636
-14.4061	-9.08403	-4.72615	-1.48734	-14.4273	-9.1875	-14.5391	-9.15936	-4.70936	-1.45402	0.0725446	0.0830663	0.411971	0.241815	0.669814	2.85636
-14.6334	-9.15531	-4.6953	-1.37686	-14.5757	-9.32634	-14.7754	-9.22939	-4.73658	-1.34573	0.0728573	0.0830404	0.411349	0.241453	0.669814	0.363169
-14.9233	-9.15437	-4.82438	-1.11221	-15.062	-9.04396	-15.013	-9.29397	-4.76161	-1.23603	0.0729145	0.0832705	0.410737	0.241182	2.0657	0.363169
-15.1849	-9.22586	-4.88275	-1.03545	-15.6189	-9.69365	-15.2517	-9.35302	-4.78436	-1.125	0.0728969	0.0834384	0.41015	0.240867	2.0657	4.4753
-15.4543	-9.34071	-4.94294	-1.05949	-15.6682	-9.56749	-15.4916	-9.40649	-4.80476	-1.01269	0.0728156	0.0833907	0.409601	0.240516	5.22323	4.4753
-15.6913	-9.37379	-4.83477	-0.880703	-15.9382	-9.35751	-15.7324	-9.45431	-4.82275	-0.899159	0.0727409	0.0833822	0.408984	0.240156	5.22323	2.06258
-15.9493	-9.45668	-4.87741	-0.859141	-16.0862	-9.59819	-15.9741	-9.49642	-4.83827	-0.784484	0.0726443	0.0832854	0.408375	0.23983	2.08374	2.06258
-16.1969	-9.47048	-4.84911	-0.681559	-16.6033	-8.85459	-16.2164	-9.53277	-4.85124	-0.668734	0.0725433	0.0832304	0.407763	0.239472	2.08374	2.14306
-16.4467	-9.46382	-4.8769	-0.494156	-16.4229	-9.37029	-16.4594	-9.5633	-4.8616	-0.55198	0.0724383	0.0832836	0.407155	0.239135	0.563936	2.14306
-16.6569	-9.47114	-4.7905	-0.358979	-16.011	-9.33486	-16.7027	-9.58797	-4.8693	-0.434301	0.0723736	0.0834035	0.406572	0.238814	0.563936	4.93546
-16.9443	-9.45209	-4.88056	-0.154278	-17.1132	-9.43043	-16.9464	-9.60673	-4.87427	-0.315773	0.0722662	0.0837046	0.405968	0.238622	1.68197	4.93546
-17.1996	-9.50871	-4.9664	-0.165036	-16.9255	-10.8571	-17.1903	-9.61954	-4.87646	-0.196479	0.072161	0.0837978	0.405397	0.238275	1.68197	7.88096
-17.4622	-9.52469	-4.9939	-0.0713712	-17.5448	-9.57485	-17.4342	-9.62636	-4.87583	-0.0765024	0.0720705	0.0838561	0.404849	0.237923	0.492235	7.88096
-17.718	-9.51684	-4.95546	0.0742494	-18.1371	-9.39146	-17.6781	-9.62717	-4.87232	0.0440703	0.0719971	0.0839462	0.404278	0.237579	0.492235	1.66844
-17.9736	-9.48296	-4.96674	0.248574	-17.9724	-9.42299	-17.9216	-9.62194	-4.86588	0.165151	0.0719465	0.0841602	0.403722	0.237273	0.231936	1.66844
-18.2131	-9.45139	-4.88998	0.408213	-18.3083	-9.18778	-18.1648	-9.61064	-4.85648	0.286648	0.0718887	0.0844771	0.403135	0.237017	0.231936	0.616895
-18.4078	-9.49778	-4.79342	0.353597	-18.2763	-9.60997	-18.4074	-9.59325	-4.84408	0.40847	0.0717839	0.0845113	0.402557	0.23669	1.96473	0.616895
-18.6445	-9.48598	-4.84361	0.425757	-18.2443	-9.58547	-18.6493	-9.56977	-4.82864	0.530522	0.0716799	0.0845092	0.401972	0.236413	1.96473	1.77937
-18.8952	-9.4733	-4.84894	0.508821	-18.9545	-9.51544	-18.8904	-9.54017	-4.81012	0.652707	0.0715765	0.0844634	0.401394	0.236197	0.280568	1.77937
-19.1252	-9.43595	-4.85792	0.617708	-18.6983	-9.02886	-19.1305	-9.50447	-4.78851	0.774927	0.0714735	0.0844216	0.400831	0.236007	0.280568	3.90377
-19.3765	-9.31286	-4.85662	0.918096	-19.2983	-9.09865	-19.3694	-9.46265	-4.76378	0.897083	0.0713715	0.0846825	0.400284	0.23567	3.13102	3.90377
-19.6065	-9.24208	-4.74774	1.08375	-19.7037	-8.79906	-19.6069	-9.41472	-4.73591	1.01907	0.0712689	0.0850657	0.399709	0.235356	3.13102	1.15674
-19.8644	-9.11349	-4.74738	1.36495	-19.8731	-8.96417	-19.8431	-9.36071	-4.70487	1.1408	0.0711758	0.0859683	0.399143	0.235325	1.47625	1.15674
-20.1035	-9.01087	-4.71473	1.55811	-20.3815	-7.6755	-20.0775	-9.30061	-4.67066	1.26215	0.0710876	0.0872312	0.398579	0.23552	1.47625	4.98895
-20.2589	-9.15265	-4.54645	1.16913	-20.1607	-9.59663	-20.3102	-9.23446	-4.63328	1.38303	0.0710391	0.0872162	0.398038	0.235462	13.9331	4.98895
-20.4983	-9.11206	-4.58266	1.22443	-20.4587	-9.7448	-20.5409	-9.16227	-4.59271	1.50334	0.0709744	0.0871334	0.397472	0.235596	13.9331	1.63859
-20.7231	-9.01073	-4.55129	1.39754	-20.6596	-8.91527	-20.7696	-9.08409	-4.54895	1.62296	0.070917	0.0870974	0.396909	0.235568	0.753076	1.63859
-20.9661	-8.93105	-4.53148	1.5192	-21.5568	-8.5005	-20.9959	-8.99994	-4.50202	1.74179	0.0708344	0.0870513	0.396351	0.235533	0.753076	2.55424
-21.1601	-8.86325	-4.44422	1.58228	-21.0195	-8.85081	-21.2198	-8.90987	-4.45191	1.85972	0.0708056	0.0869639	0.395793	0.235661	1.07499	2.55424
-21.3929	-8.77906	-4.40216	1.69021	-21.8628	-8.64129	-21.4412	-8.81393	-4.39865	1.97666	0.0707522	0.0868613	0.395236	0.235819	1.07499	1.97742
-21.5805	-8.75639	-4.312	1.63806	-21.5029	-8.87191	-21.6597	-8.71217	-4.34224	2.0925	0.0707775	0.0867711	0.394686	0.236714	1.29928	1.97742
-21.7649	-8.63168	-4.1015	1.79966	-21.9514	-7.41274	-21.8754	-8.60465	-4.2827	2.20712	0.0709196	0.0866616	0.39425	0.237362	1.29928	6.10124
-21.9685	-8.54866	-4.05977	1.87332	-21.9793	-8.57089	-22.0881	-8.49143	-4.22007	2.32043	0.0711012	0.0865935	0.393792	0.238203	0.0364701	6.10124
-22.1788	-8.44406	-4.09049	1.9867	-22.1914	-7.70392	-22.2975	-8.37258	-4.15437	2.43232	0.0712773	0.0865552	0.393259	0.239028	0.0364701	2.18636
-22.4171	-8.33367	-4.10403	2.10959	-22.5838	-8.35296	-22.5035	-8.24817	-4.08564	2.5427	0.0713235	0.0865523	0.392715	0.239783	1.50516	2.18636
-22.6047	-8.22663	-3.99727	2.19163	-22.3177	-8.57758	-22.7061	-8.11829	-4.01391	2.65145	0.0714239	0.08662	0.392173	0.240668	1.50516	0.780107
-22.8608	-7.96191	-4.01556	2.63974	-22.9861	-7.6724	-22.9049	-7.98301	-3.93923	2.75848	0.071363	0.0865077	0.391653	0.240417	6.71074	0.780107
-23.0486	-7.81894	-3.82164	2.75625	-23.2693	-8.32031	-23.1	-7.84243	-3.86163	2.8637	0.0713158	0.0863976	0.39112	0.240153	6.71074	3.63384
-23.2853	-7.62878	-3.80991	2.99347	-23.4777	-7.56583	-23.2911	-7.69663	-3.78118	2.967	0.0712187	0.0863522	0.390587	0.239827	2.37043	3.63384
-23.4874	-7.48256	-3.82423	3.09215	-23.473	-7.02103	-23.4781	-7.54572	-3.69792	3.06828	0.071123	0.0862973	0.390109	0.239503	2.37043	1.59793
-23.651	-7.34392	-3.70188	3.14149	-23.5408	-7.36069	-23.6609	-7.3898	-3.61191	3.16746	0.0710279	0.086213	0.389606	0.23918	0.689832	1.59793
-23.8442	-7.17828	-3.65636	3.25847	-24.0505	-6.56968	-23.8393	-7.22897	-3.52321	3.26445	0.0709318	0.0861363	0.389138	0.238855	0.689832	0.863029
-23.9975	-7.09952	-3.538	3.15201	-23.9384	-7.26171	-24.0132	-7.06336	-3.43189	3.35916	0.0708403	0.0860401	0.388649	0.238775	2.01966	0.863029
-24.1657	-6.91845	-3.41458	3.28059	-24.3577	-5.94086	-24.1825	-6.89307	-3.33801	3.45149	0.0707499	0.0859339	0.388144	0.238617	2.01966	2.01018
-24.3357	-6.65014	-3.30931	3.59272	-24.2574	-6.4352	-24.347	-6.71823	-3.24166	3.54138	0.0706569	0.0858907	0.387637	0.238311	3.29461	2.01018
-24.5024	-6.47462	-3.16988	3.66798	-24.788	-7.18367	-24.5066	-6.53896	-3.14289	3.62873	0.0705622	0.0858401	0.387118	0.237999	3.29461	3.52563
-24.5916	-6.35432	-2.97009	3.586	-24.3008	-6.43799	-24.6612	-6.35538	-3.0418	3.71347	0.0705598	0.0857249	0.386616	0.237771	5.1703	3.52563
-24.7315	-6.16937	-2.8592	3.67329	-24.6108	-6.00878	-24.8107	-6.16764	-2.93846	3.79553	0.0705845	0.0856103	0.386121	0.237537	5.1703	0.309318
-24.9197	-5.95081	-2.82683	3.84383	-25.146	-5.91902	-24.955	-5.97587	-2.83295	3.87484	0.0705139	0.0855059	0.385606	0.237226	2.8509	0.309318
-25.0511	-5.74476	-2.71427	3.94635	-24.8975	-5.02285	-25.094	-5.7802	-2.72537	3.95132	0.0704549	0.0854116	0.385093	0.23691	2.8509	1.86103
-25.1817	-5.57815	-2.60607	3.94949	-25.1941	-5.64372	-25.2276	-5.58079	-2.61581	4.02492	0.0704011	0.0852984	0.384583	0.236628	0.291744	1.86103
-25.3354	-5.38939	-2.59624	4.01247	-25.5328	-5.4399	-25.3556	-5.37777	-2.50435	4.09557	0.0703155	0.0851876	0.384103	0.236353	0.291744	1.30747
-25.4832	-5.15471	-2.51895	4.15711	-25.5713	-5.10241	-25.4779	-5.1713	-2.39109	4.16322	0.0702232	0.0850794	0.383652	0.236041	0.623102	1.30747
-25.6134	-4.97855	-2.49264	4.15675	-25.0178	-6.55904	-25.5946	-4.96152	-2.27613	4.22781	0.0701374	0.0849719	0.383308	0.235759	0.623102	6.37013
-25.7244	-4.81483	-2.37945	4.11346	-25.6952	-4.89995	-25.7055	-4.7486	-2.15956	4.2893	0.070052	0.0849281	0.38297	0.235621	0.546472	6.37013
-25.846	-4.60663	-2.3105	4.17673	-25.8162	-4.40681	-25.8105	-4.53268	-2.04149	4.34764	0.0699838	0.0849012	0.382716	0.235475	0.546472	0.232957
-25.9616	-4.35255	-2.20837	4.32656	-25.9516	-4.26659	-25.9096	-4.31392	-1.92202	4.40279	0.0699428	0.0848133	0.382496	0.2352	0.49964	0.232957
-26.071	-4.13201	-2.00883	4.37261	-26.8953	-4.43966	-26.0027	-4.0925	-1.80125	4.45471	0.0699386	0.0847268	0.382144	0.234931	0.49964	11.0703
-26.1667	-3.83332	-1.8692	4.59504	-26.1198	-3.67723	-26.0897	-3.86856	-1.67928	4.50337	0.0699579	0.0846357	0.38177	0.234672	1.73114	11.0703
-26.2409	-3.59444	-1.62978	4.64917	-26.5652	-3.85723	-26.1706	-3.64227	-1.55623	4.54875	0.0699588	0.0845611	0.381294	0.234423	1.73114	3.56527
-26.2699	-3.32924	-1.40003	4.74576	-25.9974	-3.24722	-26.2453	-3.41381	-1.4322	4.59081	0.0698796	0.0845611	0.380805	0.234253	4.30796	3.56527
-26.3197	-3.08214	-1.18412	4.7982	-26.2976	-3.01078	-26.3138	-3.18332	-1.30729	4.62954	0.0697902	0.0846081	0.380365	0.234107	4.30796	0.549841
-26.3423	-2.8578	-0.984333	4.78514	-26.1741	-2.87885	-26.376	-2.95098	-1.18162	4.66493	0.0697213	0.0846313	0.380007	0.233886	1.53661	0.549841
-26.3993	-2.63355	-0.869974	4.78434	-26.4681	-3.44967	-26.4319	-2.71697	-1.05529	4.69696	0.0696514	0.0846282	0.379636	0.233628	1.53661	1.41845
-26.4709	-2.50723	-0.80557	4.57476	-26.674	-2.73852	-26.4815	-2.48143	-0.928411	4.72562	0.0695644	0.08453	0.379201	0.233453	5.66646	1.41845
-26.5255	-2.27439	-0.726687	4.61158	-26.657	-1.72382	-26.5247	-2.24456	-0.80109	4.75091	0.0694756	0.0844355	0.378736	0.233262	5.66646	1.0216
-26.5741	-2.08623	-0.627884	4.54273	-26.6691	-2.17333	-26.5616	-2.0065	-0.673434	4.77284	0.0693901	0.0844239	0.37826	0.233254	0.970411	1.0216
-26.6046	-1.85366	-0.536693	4.57137	-26.3248	-1.32261	-26.5921	-1.76744	-0.545553	4.79141	0.0693048	0.0844285	0.37778	0.233221	0.970411	2.05142
-26.6039	-1.59488	-0.363728	4.6421	-26.4671	-1.53207	-26.6161	-1.52753	-0.417552	4.80664	0.0692198	0.0843896	0.377312	0.233073	1.2388	2.05142
-26.6012	-1.37159	-0.17188	4.62613	-26.4998	-2.19526	-26.6338	-1.28695	-0.289538	4.81852	0.0691518	0.0843903	0.376881	0.232979	1.2388	1.61964
-26.6053	-1.14121	-0.0347191	4.62693	-26.5998	-1.14277	-26.6451	-1.04586	-0.161616	4.8271	0.0690936	0.0844197	0.37646	0.232902	0.00177505	1.61964
-26.634	-0.922869	0.0373102	4.60605	-27.2008	-1.67679	-26.65	-0.804425	-0.0338883	4.83238	0.0690114	0.0845223	0.376004	0.232886	0.00177505	5.09373
-26.646	-0.658895	0.149495	4.68144	-26.7355	-0.59539	-26.6485	-0.562811	0.0935412	4.83439	0.068925	0.0845533	0.375543	0.23272	0.698841	5.09373
-26.6338	-0.415601	0.325989	4.69902	-26.9891	0.0351487	-26.6406	-0.321181	0.220572	4.83317	0.0688396	0.0845794	0.37511	0.232525	0.698841	2.30192
-26.5895	-0.0986263	0.531269	4.85814	-26.4553	0.0602653	-26.6264	-0.0796947	0.347104	4.82874	0.0687784	0.0844791	0.374755	0.23224	2.65086	2.30192
-26.5699	0.144772	0.673031	4.84769	-26.9537	0.136943	-26.6059	0.161489	0.473041	4.82116	0.0687164	0.0843781	0.374422	0.231955	2.65086	2.75768
-26.5461	0.451762	0.815376	4.97008	-26.6201	0.57588	-26.5792	0.402213	0.598287	4.81045	0.0686509	0.0843095	0.374113	0.231803	1.33274	2.75768
-26.5336	0.692799	0.858013	4.9323	-26.8241	0.381506	-26.5462	0.642323	0.722748	4.79667	0.0685687	0.0842425	0.37371	0.231614	1.33274	1.83762
-26.525	0.979559	0.940455	5.00443	-26.7293	1.06082	-26.5069	0.881666	0.846334	4.77986	0.0684898	0.084279	0.373278	0.231597	2.63871	1.83762
-26.4865	1.24913	0.983714	5.01673	-25.9562	2.60409	-26.4616	1.12009	0.968955	4.76007	0.0684166	0.0844184	0.372819	0.231662	2.63871	7.01298
-26.4292	1.473	1.11225	4.93251	-26.3986	1.42212	-26.4101	1.35745	1.09053	4.73737	0.0683391	0.0845089	0.372362	0.23158	0.222748	7.01298
-26.3908	1.6853	1.15791	4.82988	-26.5072	-0.563928	-26.3526	1.59361	1.21096	4.71181	0.0682815	0.0845272	0.371915	0.231369	0.222748	8.67489
-26.3363	1.88006	1.25307	4.70219	-26.3594	1.79315	-26.2891	1.82841	1.33018	4.68345	0.0682379	0.0844625	0.371479	0.231088	0.543158	8.67489
-26.2688	2.10993	1.38112	4.66214	-26.3475	1.82827	-26.2197	2.06173	1.44811	4.65235	0.0681978	0.084393	0.371041	0.230807	0.543158	0.220474
-26.2078	2.28741	1.46236	4.51069	-26.2502	2.18481	-26.1444	2.29342	1.56467	4.61859	0.0681867	0.0842908	0.370623	0.230587	0.817318	0.220474
-26.1455	2.50794	1.50802	4.45858	-26.069	2.27896	-26.0633	2.52336	1.67979	4.58223	0.0682243	0.0841918	0.37027	0.230388	0.817318	0.84313
-26.0657	2.75627	1.62287	4.47851	-26.0641	2.80701	-25.9765	2.75141	1.79339	4.54334	0.0682828	0.0840902	0.369917	0.230131	0.174167	0.84313
-25.9718	2.97966	1.80883	4.44817	-26.3234	3.02388	-25.8841	2.97746	1.90543	4.502	0.0683366	0.0839886	0.3695	0.229868	0.174167	2.78512
-25.8668	3.27642	1.96233	4.5622	-25.8345	3.42005	-25.7861	3.20139	2.01582	4.45828	0.0683693	0.0839682	0.369064	0.229648	1.46312	2.78512
-25.7837	3.50843	2.0475	4.52727	-26.1824	3.73376	-25.6826	3.42306	2.12452	4.41227	0.0684666	0.0839716	0.36864	0.229441	1.46312	2.14551
-25.6792	3.70035	2.14694	4.40454	-25.6666	3.63509	-25.5737	3.64239	2.23146	4.36404	0.0685793	0.0839189	0.368221	0.229174	0.292066	2.14551
-25.5632	3.90604	2.27144	4.32204	-25.5773	3.13316	-25.4596	3.85924	2.3366	4.31367	0.0686846	0.0838497	0.367794	0.2289	0.292066	1.13043
-25.4995	4.07114	2.27675	4.16578	-25.7492	3.99968	-25.3402	4.07353	2.43989	4.26125	0.0690423	0.0837496	0.367441	0.228674	3.73766	1.13043
-25.3774	4.26898	2.39286	4.08916	-25.3516	3.75691	-25.2157	4.28514	2.54127	4.20686	0.0694095	0.0836536	0.367075	0.228474	3.73766	0.577948
-25.2156	4.49815	2.56951	4.07771	-25.0214	4.52803	-25.0863	4.49399	2.64071	4.15058	0.069613	0.0835544	0.366655	0.22823	2.09342	0.577948
-25.0659	4.69078	2.65247	3.97911	-24.2719	4.30917	-24.9518	4.69998	2.73817	4.09251	0.069752	0.0834566	0.366244	0.228026	2.09342	8.92686
-24.9484	4.88341	2.7203	3.90474	-25.0363	4.88499	-24.8126	4.90303	2.83361	4.03273	0.0699817	0.0833633	0.365852	0.227842	0.410977	8.92686
-24.7929	5.07266	2.83815	3.82375	-24.3609	4.95947	-24.6686	5.10304	2.92701	3.97132	0.0701589	0.083278	0.365446	0.227686	0.410977	2.30463
-24.6217	5.29776	2.99004	3.82416	-24.5041	5.35293	-24.5201	5.29995	3.01833	3.90839	0.0702493	0.0831801	0.365018	0.227454	0.978556	2.30463
-24.4493	5.47984	3.17336	3.73656	-24.4379	5.24592	-24.367	5.49367	3.10754	3.84401	0.0702799	0.0830851	0.364604	0.227247	0.978556	0.90093
-24.2619	5.65376	3.31128	3.62351	-24.1159	5.61152	-24.2095	5.68414	3.19464	3.77827	0.0702432	0.0830008	0.36422	0.227104	1.21886	0.90093
-24.0968	5.81484	3.43198	3.50041	-24.5638	4.75836	-24.0477	5.8713	3.27959	3.71127	0.0702011	0.0829487	0.363869	0.227068	1.21886	3.20664
-23.9236	5.97333	3.52064	3.37427	-23.9153	5.94377	-23.8818	6.05508	3.36239	3.64309	0.0701484	0.0829459	0.363525	0.227174	0.0603305	3.20664
-23.7824	6.14885	3.41194	3.27806	-23.5491	6.44495	-23.7117	6.23542	3.44302	3.57383	0.0701496	0.0829545	0.363105	0.227357	0.0603305	4.54917
-23.6171	6.30255	3.47814	3.17546	-23.6471	6.29102	-23.5377	6.41227	3.52148	3.50357	0.0701726	0.0830266	0.36269	0.227643	0.0593543	4.54917
-23.4708	6.46581	3.45449	3.09585	-23.7544	6.53746	-23.3598	6.58559	3.59775	3.4324	0.0702947	0.0831304	0.362335	0.227955	0.0593543	1.69138
-23.2367	6.71168	3.655	3.20737	-23.0099	6.86182	-23.1781	6.75533	3.67185	3.36041	0.07027	0.0830609	0.361917	0.22781	4.51393	1.69138
-23.0438	6.84809	3.70487	3.07238	-22.7862	5.74143	-22.9928	6.92146	3.74376	3.28768	0.0702315	0.0830399	0.361505	0.227782	4.51393	5.52519
-22.8269	7.02819	3.8337	3.04619	-22.6991	7.063	-22.804	7.08393	3.8135	3.21431	0.0701594	0.0829874	0.361091	0.227663	0.995298	5.52519
-22.6148	7.16513	3.95824	2.92902	-22.418	6.76159	-22.6117	7.24273	3.88106	3.14038	0.070079	0.0829754	0.360695	0.227627	0.995298	1.49297
-22.4313	7.30639	3.99815	2.83056	-22.5083	7.31524	-22.4161	7.39782	3.94647	3.06598	0.0700026	0.0829958	0.360291	0.227645	0.320278	1.49297
-22.1981	7.44406	4.22271	2.73276	-22.0543	7.85452	-22.2173	7.54917	4.00974	2.99118	0.0699286	0.0830529	0.360023	0.22772	0.320278	2.33951
-22.0159	7.60463	4.24752	2.68766	-22.1947	7.69478	-22.0154	7.69679	4.07087	2.91607	0.0698489	0.0830748	0.359712	0.227722	2.12836	2.33951
-21.8321	7.77441	4.17129	2.66632	-21.6178	9.0351	-21.8105	7.84064	4.12989	2.84074	0.0697771	0.0830404	0.359308	0.227615	2.12836	5.83927
-21.6248	7.91531	4.22794	2.59504	-21.6473	7.94	-21.6026	7.98072	4.18681	2.76526	0.069706	0.0830047	0.358906	0.227501	0.0625986	5.83927
-21.4367	8.04485	4.20865	2.50714	-21.8637	7.78661	-21.392	8.11703	4.24166	2.68971	0.0696595	0.0829818	0.358503	0.227409	0.0625986	1.68286
-21.2203	8.06817	4.23213	2.2047	-21.0853	7.83229	-21.1787	8.24957	4.29447	2.61417	0.0696089	0.0833349	0.35811	0.227984	4.36108	1.68286
-21.0331	8.20893	4.11684	2.17	-20.5503	9.28616	-20.9628	8.37833	4.34526	2.53871	0.0696105	0.0836284	0.357871	0.228398	4.36108	6.04099
-20.8552	8.36344	4.12939	2.18339	-21.0519	8.50983	-20.7444	8.50333	4.39406	2.46341	0.06973	0.0837971	0.357689	0.228528	3.23618	6.04099
-20.6106	8.48025	4.31073	2.1224	-19.9265	9.40847	-20.5237	8.62457	4.4409	2.38835	0.0697734	0.0839816	0.357341	0.228618	3.23618	4.59696
-20.354	8.62911	4.43633	2.1298	-20.21	8.68914	-20.3006	8.74206	4.48582	2.31358	0.0697411	0.0840576	0.356949	0.228528	1.46	4.59696
-20.1602	8.75129	4.33034	2.0851	-20.2277	8.8532	-20.0753	8.85583	4.52884	2.23919	0.0697784	0.0841089	0.356673	0.228389	1.46	1.87208
-19.9644	8.85003	4.32975	1.99777	-20.0633	8.86724	-19.848	8.96589	4.57001	2.16524	0.0699168	0.0841929	0.356456	0.228271	0.538544	1.87208
-19.7716	8.95614	4.24461	1.93909	-19.9264	8.78179	-19.6186	9.07227	4.60937	2.09179	0.0702105	0.0842773	0.356475	0.228131	0.538544	1.26942
-19.5511	9.0301	4.28265	1.82391	-19.4861	8.96665	-19.3873	9.17499	4.64694	2.01891	0.0705555	0.0844598	0.356493	0.228063	0.449776	1.26942
-19.3091	9.13916	4.40125	1.79104	-18.5719	10.2069	-19.1542	9.27409	4.68278	1.94666	0.0708532	0.0846047	0.356344	0.227928	0.449776	4.6915
-19.0134	9.245	4.56749	1.75625	-18.6786	9.19191	-18.9193	9.36959	4.71692	1.8751	0.070913	0.0847138	0.35602	0.227745	6.18235	4.6915
-18.7995	9.32456	4.57572	1.66187	-19.2825	8.98189	-18.6827	9.46154	4.7494	1.80429	0.0710467	0.0848643	0.355721	0.227592	6.18235	1.63706
-18.5377	9.4357	4.67088	1.64782	-18.4242	9.46852	-18.4446	9.54996	4.78028	1.73429	0.0711027	0.0849401	0.355367	0.227378	0.829162	1.63706
-18.2686	9.47425	4.85774	1.4561	-18.1634	8.72444	-18.2049	9.63492	4.80959	1.66514	0.0710871	0.0851798	0.354984	0.227339	0.829162	5.37574
-17.9625	9.61881	5.02227	1.52717	-17.7736	9.72478	-17.9639	9.71643	4.83737	1.59691	0.0710094	0.085209	0.354701	0.227114	2.95979	5.37574
-17.7157	9.71563	4.94908	1.50874	-17.2296	9.97767	-17.7214	9.79457	4.86368	1.52964	0.0709323	0.0851959	0.354336	0.226868	2.95979	3.04232
-17.4362	9.82696	5.04083	1.51472	-17.3436	9.88109	-17.4777	9.86936	4.88856	1.46338	0.0708815	0.085126	0.354021	0.226633	0.732961	3.04232
-17.1846	9.91015	5.06737	1.45681	-17.1554	10.212	-17.2328	9.94087	4.91205	1.39818	0.0708402	0.0850455	0.35371	0.226403	0.732961	0.405907
-16.9091	10.0344	5.1445	1.50004	-16.8876	10.145	-16.9868	10.0091	4.93421	1.33408	0.0708556	0.0849613	0.353462	0.226289	0.846543	0.405907
-16.6503	10.1081	5.16417	1.42872	-16.5958	10.1078	-16.7396	10.0743	4.95507	1.27113	0.0709009	0.0848839	0.353213	0.226163	0.846543	0.0297502
-16.4065	10.2071	5.16773	1.4181	-16.5153	10.3091	-16.4915	10.1362	4.97469	1.20937	0.0709343	0.0848561	0.352946	0.226127	1.1921	0.0297502
-16.1445	10.2826	5.21162	1.35728	-16.09	10.5824	-16.2424	10.1952	4.99311	1.14883	0.0710034	0.0848618	0.352711	0.226091	1.1921	0.443672
-15.9233	10.2899	5.13653	1.15407	-16.006	10.1843	-15.9924	10.2511	5.01039	1.08956	0.0709993	0.0847895	0.35238	0.225867	1.22149	0.443672
-15.6759	10.355	5.10394	1.10601	-15.7234	10.41	-15.7416	10.3041	5.02655	1.03159	0.0709883	0.0847313	0.35202	0.225651	1.22149	0.268357
-15.4711	10.3324	4.99546	0.870933	-15.5699	10.1904	-15.4899	10.3543	5.04166	0.974957	0.0709176	0.0846466	0.35165	0.225461	2.03219	0.268357
-15.1631	10.3711	5.22749	0.757404	-14.2385	10.9109	-15.2376	10.4016	5.05576	0.919692	0.0709254	0.0845679	0.351363	0.225345	2.03219	7.71531
-14.9036	10.4226	5.24329	0.701155	-14.9365	10.4722	-14.9846	10.4462	5.06889	0.865828	0.0709483	0.0844847	0.351081	0.225233	0.194503	7.71531
-14.6679	10.4503	5.06981	0.644194	-14.724	9.63507	-14.7309	10.4882	5.0811	0.813394	0.0709324	0.0844129	0.350708	0.225128	0.194503	6.43265
-14.4358	10.4085	5.00713	0.41846	-14.4088	10.222	-14.4766	10.5276	5.09243	0.762418	0.070882	0.0845015	0.350357	0.225447	2.15265	6.43265
-14.1766	10.4311	5.02296	0.344318	-13.9005	10.5238	-14.2218	10.5645	5.10293	0.712926	0.0708374	0.0846347	0.350005	0.225846	2.15265	0.541466
-13.8561	10.5928	5.21203	0.572621	-13.8049	10.9383	-13.9665	10.5989	5.11263	0.664944	0.0709445	0.0845457	0.349665	0.225647	7.82775	0.541466
-13.6054	10.6493	5.10945	0.603908	-13.3956	10.7857	-13.7107	10.631	5.12159	0.618496	0.0710345	0.0844607	0.349296	0.22541	7.82775	2.03063
-13.3625	10.6434	5.08084	0.470286	-13.3556	10.5517	-13.4545	10.6608	5.12983	0.573603	0.0710853	0.0843755	0.348936	0.225222	0.514063	2.03063
-13.1001	10.6677	5.11619	0.408737	-12.9374	10.8137	-13.1979	10.6884	5.13741	0.530288	0.071152	0.0842921	0.34857	0.225055	0.514063	0.232426
-12.8419	10.7633	5.15358	0.505239	-12.9591	11.0099	-12.9409	10.7138	5.14436	0.48857	0.0712219	0.0842341	0.348205	0.22482	4.13736	0.232426
-12.5776	10.8133	5.14883	0.520359	-12.2518	11.2495	-12.6836	10.7373	5.15071	0.448467	0.0713125	0.0842179	0.347841	0.224609	4.13736	1.44874
-12.3526	10.7733	5.06858	0.329765	-12.3713	10.6091	-12.426	10.7587	5.15651	0.409997	0.0713169	0.0841325	0.347501	0.224404	1.71451	1.44874
-12.1011	10.8048	5.02655	0.326908	-11.9352	10.9161	-12.1681	10.7783	5.16179	0.373177	0.0713082	0.0840536	0.347193	0.22418	1.71451	0.61031
-11.8517	10.8715	5.04582	0.379188	-11.9451	11.0515	-11.91	10.7961	5.16658	0.338022	0.0712836	0.0840366	0.346876	0.223955	2.24598	0.61031
-11.574	10.8925	5.09847	0.345316	-10.9703	10.9676	-11.6516	10.8121	5.17092	0.304546	0.0712971	0.0840292	0.346532	0.22373	2.24598	2.74004
-11.3491	10.9048	5.04344	0.284802	-11.4548	10.9407	-11.393	10.8265	5.17484	0.272761	0.0712513	0.0840178	0.346224	0.223499	0.687571	2.74004
-11.0771	10.8474	5.25246	-0.0103989	-11.3472	10.5111	-11.1342	10.8394	5.17836	0.242681	0.0712251	0.0839317	0.345883	0.223564	0.687571	8.97723
-10.7768	10.824	5.31465	-0.120255	-10.6009	10.6823	-10.8753	10.8509	5.18153	0.214317	0.071292	0.083854	0.345579	0.22385	2.69985	8.97723
-10.5209	10.8221	5.27683	-0.170895	-10.6563	10.8369	-10.6161	10.8609	5.18435	0.187679	0.0713497	0.0837862	0.345249	0.22421	2.69985	0.246624
-10.2909	10.8133	5.20976	-0.242959	-10.4142	10.8747	-10.3569	10.8697	5.18687	0.162776	0.0713391	0.083739	0.344896	0.224733	1.03014	0.246624
-10.0515	10.861	5.02481	-0.103688	-9.90413	11.2255	-10.0976	10.8772	5.1891	0.139618	0.0712963	0.0836564	0.344622	0.224773	1.03014	6.51928
-9.78702	10.9115	5.07174	-0.0402816	-9.83445	11.1032	-9.83809	10.8837	5.19106	0.118212	0.0712608	0.0835803	0.344312	0.224657	2.18722	6.51928
-9.56657	10.8853	4.98842	-0.132457	-10.195	10.3498	-9.57852	10.8891	5.19278	0.0985664	0.0711901	0.0834951	0.344084	0.22467	2.18722	3.80112
-9.30097	10.9154	5.03383	-0.102903	-9.3066	11.0348	-9.31887	10.8936	5.19428	0.0806865	0.0711222	0.0834159	0.34381	0.224594	0.829892	3.80112
-9.06307	10.8907	4.97456	-0.169889	-9.2226	10.3527	-9.05915	10.8972	5.19557	0.0645787	0.0710501	0.0833316	0.343605	0.224615	0.829892	2.49324
-8.79177	10.9266	5.03547	-0.120557	-8.78899	11.0707	-8.79937	10.9001	5.19667	0.050248	0.0709788	0.0832556	0.343333	0.224519	1.21504	2.49324
-8.56072	10.8793	4.97189	-0.237751	-8.83914	10.0319	-8.53953	10.9023	5.19759	0.0376992	0.0709134	0.0831777	0.343136	0.224634	1.21504	6.20936
-8.41161	10.7948	4.73881	-0.427177	-8.62045	10.6577	-8.27965	10.9039	5.19835	0.0269359	0.0710895	0.0832383	0.343411	0.225333	4.13254	6.20936
-8.16807	10.801	4.71511	-0.396153	-7.91543	11.1157	-8.01974	10.905	5.19896	0.0179617	0.0713295	0.0832852	0.343752	0.225872	4.13254	1.56036
-7.80411	10.8614	4.99917	-0.260798	-7.51971	11.0005	-7.75979	10.9057	5.19942	0.0107791	0.0712854	0.0832251	0.343523	0.225973	6.57831	1.56036
-7.54516	10.8601	4.96661	-0.226644	-7.25987	10.6458	-7.49981	10.9061	5.19975	0.00539029	0.0712428	0.0831671	0.343337	0.225986	6.57831	2.15135
-7.26147	10.8525	5.03874	-0.236874	-7.15631	10.815	-7.23983	10.9063	5.19994	0.00179692	0.071178	0.0831187	0.343069	0.226012	0.713325	2.15135
